stratum_type,stratum_value,ml_method,traditional_method,metric,support_count_pairs,delta_ml_minus_traditional,ci_low,ci_high,bootstrap_unit
amplitude_stratum,"amp[1000,1500)",hgb_full_unconstrained,signed_shared_shrinkage,sigma68_ns,256,0.16426143312186742,-0.04786371519208197,0.3303775653743256,heldout_run
amplitude_stratum,"amp[1000,1500)",hgb_full_unconstrained,signed_shared_shrinkage,full_rms_ns,256,-0.1705467682916817,-0.2511488209682369,-0.08016440872408419,heldout_run
amplitude_stratum,"amp[1000,1500)",hgb_full_unconstrained,signed_shared_shrinkage,tail_frac_abs_gt5ns,256,-0.007117527862208713,-0.017700424150390113,0.0,heldout_run
amplitude_stratum,"amp[1000,1500)",hgb_full_unconstrained,signed_shared_shrinkage,bias_vs_log_amp_slope_ns,256,0.21456722511853737,-0.2629804635412103,0.7958041777014839,heldout_run
amplitude_stratum,"amp[1000,1500)",hgb_full_unconstrained,signed_shared_shrinkage,calibration_coverage_abs_le2ns,256,0.05251666283612966,0.027497513262599523,0.08016450216450217,heldout_run
amplitude_stratum,"amp[1000,1500)",hgb_full_unconstrained,s03a_amp_only,sigma68_ns,256,-0.1388420915349285,-0.3294257454346106,0.09754615735409194,heldout_run
amplitude_stratum,"amp[1000,1500)",hgb_full_unconstrained,s03a_amp_only,full_rms_ns,256,-0.13600170776496245,-0.18214597108032676,-0.08451834124516884,heldout_run
amplitude_stratum,"amp[1000,1500)",hgb_full_unconstrained,s03a_amp_only,tail_frac_abs_gt5ns,256,0.0,0.0,0.0,heldout_run
amplitude_stratum,"amp[1000,1500)",hgb_full_unconstrained,s03a_amp_only,bias_vs_log_amp_slope_ns,256,0.14572455824817768,-0.8377447180152856,0.9970966788598602,heldout_run
amplitude_stratum,"amp[1000,1500)",hgb_full_unconstrained,s03a_amp_only,calibration_coverage_abs_le2ns,256,0.04491411455467936,0.019523737980769233,0.06271863265283514,heldout_run
amplitude_stratum,"amp[1000,1500)",hgb_full_unconstrained,monotone_residual_table,sigma68_ns,256,0.18122614281582033,-0.16698572874562262,0.402206046650835,heldout_run
amplitude_stratum,"amp[1000,1500)",hgb_full_unconstrained,monotone_residual_table,full_rms_ns,256,-0.19621143647109585,-0.27399430875338726,-0.1053652258706511,heldout_run
amplitude_stratum,"amp[1000,1500)",hgb_full_unconstrained,monotone_residual_table,tail_frac_abs_gt5ns,256,-0.007752403846153846,-0.018524305555555554,0.0,heldout_run
amplitude_stratum,"amp[1000,1500)",hgb_full_unconstrained,monotone_residual_table,bias_vs_log_amp_slope_ns,256,0.3521526296309821,-0.1618548703810429,0.985654692376349,heldout_run
amplitude_stratum,"amp[1000,1500)",hgb_full_unconstrained,monotone_residual_table,calibration_coverage_abs_le2ns,256,0.05817935648295636,0.03634262891936847,0.07885718891038034,heldout_run
amplitude_stratum,"amp[1000,1500)",hgb_full_unconstrained,robust_heavytail_table,sigma68_ns,256,0.14776434107678937,-0.20052263868409048,0.3951720256709878,heldout_run
amplitude_stratum,"amp[1000,1500)",hgb_full_unconstrained,robust_heavytail_table,full_rms_ns,256,-0.19651578016277926,-0.2795734310690864,-0.13343482518366023,heldout_run
amplitude_stratum,"amp[1000,1500)",hgb_full_unconstrained,robust_heavytail_table,tail_frac_abs_gt5ns,256,-0.007692307692307693,-0.01965098039215686,0.0,heldout_run
amplitude_stratum,"amp[1000,1500)",hgb_full_unconstrained,robust_heavytail_table,bias_vs_log_amp_slope_ns,256,0.33970802596917227,-0.3251433493944141,1.1442605114904638,heldout_run
amplitude_stratum,"amp[1000,1500)",hgb_full_unconstrained,robust_heavytail_table,calibration_coverage_abs_le2ns,256,0.05963131053197962,0.031526682838083686,0.07805286823817965,heldout_run
amplitude_stratum,"amp[1500,2500)",hgb_full_unconstrained,signed_shared_shrinkage,sigma68_ns,3901,-0.15972498059115448,-0.2620971494455877,-0.09890289870977109,heldout_run
amplitude_stratum,"amp[1500,2500)",hgb_full_unconstrained,signed_shared_shrinkage,full_rms_ns,3901,-0.17805074849200486,-0.18939180648805534,-0.16847914549523446,heldout_run
amplitude_stratum,"amp[1500,2500)",hgb_full_unconstrained,signed_shared_shrinkage,tail_frac_abs_gt5ns,3901,-0.003680634201585504,-0.008263644695570829,-0.0019220894121882166,heldout_run
amplitude_stratum,"amp[1500,2500)",hgb_full_unconstrained,signed_shared_shrinkage,bias_vs_log_amp_slope_ns,3901,0.18202114006481862,-0.02853617643260705,0.3866501843631955,heldout_run
amplitude_stratum,"amp[1500,2500)",hgb_full_unconstrained,signed_shared_shrinkage,calibration_coverage_abs_le2ns,3901,0.09799685863415253,0.028505064339842227,0.15432849624805084,heldout_run
amplitude_stratum,"amp[1500,2500)",hgb_full_unconstrained,s03a_amp_only,sigma68_ns,3901,-0.11334398872254992,-0.15533886608655448,-0.07246027042291502,heldout_run
amplitude_stratum,"amp[1500,2500)",hgb_full_unconstrained,s03a_amp_only,full_rms_ns,3901,-0.13000379074774493,-0.14040453870620573,-0.11135743920502654,heldout_run
amplitude_stratum,"amp[1500,2500)",hgb_full_unconstrained,s03a_amp_only,tail_frac_abs_gt5ns,3901,-0.002892960761785103,-0.0067529463029777515,-0.0007484660172615937,heldout_run
amplitude_stratum,"amp[1500,2500)",hgb_full_unconstrained,s03a_amp_only,bias_vs_log_amp_slope_ns,3901,0.3996569902410747,0.21955285605329464,0.5931790749573409,heldout_run
amplitude_stratum,"amp[1500,2500)",hgb_full_unconstrained,s03a_amp_only,calibration_coverage_abs_le2ns,3901,0.05821726722531023,0.023975471891711696,0.11288898941923939,heldout_run
amplitude_stratum,"amp[1500,2500)",hgb_full_unconstrained,monotone_residual_table,sigma68_ns,3901,-0.26901598379947633,-0.4005707221033869,-0.15150309901676695,heldout_run
amplitude_stratum,"amp[1500,2500)",hgb_full_unconstrained,monotone_residual_table,full_rms_ns,3901,-0.22918610972252607,-0.24887789933874438,-0.21103775425961277,heldout_run
amplitude_stratum,"amp[1500,2500)",hgb_full_unconstrained,monotone_residual_table,tail_frac_abs_gt5ns,3901,-0.00665050578889092,-0.009000498111834428,-0.004627269244203336,heldout_run
amplitude_stratum,"amp[1500,2500)",hgb_full_unconstrained,monotone_residual_table,bias_vs_log_amp_slope_ns,3901,0.3210416598372705,0.11993491554606064,0.5485497388290974,heldout_run
amplitude_stratum,"amp[1500,2500)",hgb_full_unconstrained,monotone_residual_table,calibration_coverage_abs_le2ns,3901,0.14657288473800983,0.1361555228667862,0.15516705151144922,heldout_run
amplitude_stratum,"amp[1500,2500)",hgb_full_unconstrained,robust_heavytail_table,sigma68_ns,3901,-0.26011969205424634,-0.40390131573688987,-0.15156933412030682,heldout_run
amplitude_stratum,"amp[1500,2500)",hgb_full_unconstrained,robust_heavytail_table,full_rms_ns,3901,-0.22736323028285044,-0.251459065661172,-0.20543319788903502,heldout_run
amplitude_stratum,"amp[1500,2500)",hgb_full_unconstrained,robust_heavytail_table,tail_frac_abs_gt5ns,3901,-0.00664785477624817,-0.00946730140859914,-0.004098360655737706,heldout_run
amplitude_stratum,"amp[1500,2500)",hgb_full_unconstrained,robust_heavytail_table,bias_vs_log_amp_slope_ns,3901,0.3199626424248794,0.054501026161255725,0.5329150181429773,heldout_run
amplitude_stratum,"amp[1500,2500)",hgb_full_unconstrained,robust_heavytail_table,calibration_coverage_abs_le2ns,3901,0.1474304407140784,0.13383227040816326,0.15887386085175348,heldout_run
amplitude_stratum,"amp[2500,4000)",hgb_full_unconstrained,signed_shared_shrinkage,sigma68_ns,6811,-0.10541766198971914,-0.26671649379993445,0.03144545894330787,heldout_run
amplitude_stratum,"amp[2500,4000)",hgb_full_unconstrained,signed_shared_shrinkage,full_rms_ns,6811,-0.26790869246769144,-0.3672859090145332,-0.18828407364839594,heldout_run
amplitude_stratum,"amp[2500,4000)",hgb_full_unconstrained,signed_shared_shrinkage,tail_frac_abs_gt5ns,6811,-0.0035131769549005066,-0.007507681860336843,-0.00036229235205718853,heldout_run
amplitude_stratum,"amp[2500,4000)",hgb_full_unconstrained,signed_shared_shrinkage,bias_vs_log_amp_slope_ns,6811,-2.3505063023695056,-2.57917419037946,-2.0293095291784864,heldout_run
amplitude_stratum,"amp[2500,4000)",hgb_full_unconstrained,signed_shared_shrinkage,calibration_coverage_abs_le2ns,6811,0.045667788827326694,0.028745729435406136,0.09406875772764675,heldout_run
amplitude_stratum,"amp[2500,4000)",hgb_full_unconstrained,s03a_amp_only,sigma68_ns,6811,-0.1315358528736057,-0.2101052138113545,-0.04773508379755473,heldout_run
amplitude_stratum,"amp[2500,4000)",hgb_full_unconstrained,s03a_amp_only,full_rms_ns,6811,-0.2513602933495658,-0.37546483069586406,-0.17449876126826955,heldout_run
amplitude_stratum,"amp[2500,4000)",hgb_full_unconstrained,s03a_amp_only,tail_frac_abs_gt5ns,6811,-0.0015309377021094925,-0.0055982506058160925,0.0006443174800423664,heldout_run
amplitude_stratum,"amp[2500,4000)",hgb_full_unconstrained,s03a_amp_only,bias_vs_log_amp_slope_ns,6811,-1.4568730464778108,-1.69157940518648,-1.213928199931213,heldout_run
amplitude_stratum,"amp[2500,4000)",hgb_full_unconstrained,s03a_amp_only,calibration_coverage_abs_le2ns,6811,0.036161235583939244,0.023713697790417702,0.05986246807381892,heldout_run
amplitude_stratum,"amp[2500,4000)",hgb_full_unconstrained,monotone_residual_table,sigma68_ns,6811,-0.24115870973478493,-0.37518766920808166,-0.11588860666104342,heldout_run
amplitude_stratum,"amp[2500,4000)",hgb_full_unconstrained,monotone_residual_table,full_rms_ns,6811,-0.292958223701993,-0.4100243418111355,-0.2060482069047456,heldout_run
amplitude_stratum,"amp[2500,4000)",hgb_full_unconstrained,monotone_residual_table,tail_frac_abs_gt5ns,6811,-0.002511945760630044,-0.006293986965483244,0.0012945942490177132,heldout_run
amplitude_stratum,"amp[2500,4000)",hgb_full_unconstrained,monotone_residual_table,bias_vs_log_amp_slope_ns,6811,-0.7500454333673728,-1.0467470376616284,-0.44142295128023434,heldout_run
amplitude_stratum,"amp[2500,4000)",hgb_full_unconstrained,monotone_residual_table,calibration_coverage_abs_le2ns,6811,0.06422305490541313,0.04255324280502634,0.08972581500681631,heldout_run
amplitude_stratum,"amp[2500,4000)",hgb_full_unconstrained,robust_heavytail_table,sigma68_ns,6811,-0.22179114376586695,-0.39419587407027773,-0.09609610441213193,heldout_run
amplitude_stratum,"amp[2500,4000)",hgb_full_unconstrained,robust_heavytail_table,full_rms_ns,6811,-0.28633110807328754,-0.4176096837071162,-0.1944587639156402,heldout_run
amplitude_stratum,"amp[2500,4000)",hgb_full_unconstrained,robust_heavytail_table,tail_frac_abs_gt5ns,6811,-0.0024794452128477015,-0.008167669437882564,0.0007475126762363316,heldout_run
amplitude_stratum,"amp[2500,4000)",hgb_full_unconstrained,robust_heavytail_table,bias_vs_log_amp_slope_ns,6811,-1.082681944204002,-1.316345290150651,-0.899625864207722,heldout_run
amplitude_stratum,"amp[2500,4000)",hgb_full_unconstrained,robust_heavytail_table,calibration_coverage_abs_le2ns,6811,0.06113155969241202,0.03968381832096051,0.12349874957736946,heldout_run
amplitude_stratum,"amp[4000,7000)",hgb_full_unconstrained,signed_shared_shrinkage,sigma68_ns,492,-0.8539229016545575,-0.9865457795654162,-0.6233917667455299,heldout_run
amplitude_stratum,"amp[4000,7000)",hgb_full_unconstrained,signed_shared_shrinkage,full_rms_ns,492,-1.1407547006546963,-1.4625081557439754,-0.7344632389960665,heldout_run
amplitude_stratum,"amp[4000,7000)",hgb_full_unconstrained,signed_shared_shrinkage,tail_frac_abs_gt5ns,492,-0.027940809190809192,-0.06690960395378347,0.008387965035710479,heldout_run
amplitude_stratum,"amp[4000,7000)",hgb_full_unconstrained,signed_shared_shrinkage,bias_vs_log_amp_slope_ns,492,-4.408918136190701,-7.246049926553105,0.9357287890554541,heldout_run
amplitude_stratum,"amp[4000,7000)",hgb_full_unconstrained,signed_shared_shrinkage,calibration_coverage_abs_le2ns,492,0.22389695704548343,0.18956510652516076,0.2580722333693471,heldout_run
amplitude_stratum,"amp[4000,7000)",hgb_full_unconstrained,s03a_amp_only,sigma68_ns,492,-0.7062685230828691,-0.832637797545527,-0.6022211968981849,heldout_run
amplitude_stratum,"amp[4000,7000)",hgb_full_unconstrained,s03a_amp_only,full_rms_ns,492,-1.1719767574383935,-1.5349628804776263,-0.7400067406921602,heldout_run
amplitude_stratum,"amp[4000,7000)",hgb_full_unconstrained,s03a_amp_only,tail_frac_abs_gt5ns,492,-0.016987052331662277,-0.04723486219556337,0.004152120725669172,heldout_run
amplitude_stratum,"amp[4000,7000)",hgb_full_unconstrained,s03a_amp_only,bias_vs_log_amp_slope_ns,492,-4.3438826148070495,-6.324755358875366,-1.3816396371576556,heldout_run
amplitude_stratum,"amp[4000,7000)",hgb_full_unconstrained,s03a_amp_only,calibration_coverage_abs_le2ns,492,0.1786828036828037,0.1563118393829784,0.20057832792207797,heldout_run
amplitude_stratum,"amp[4000,7000)",hgb_full_unconstrained,monotone_residual_table,sigma68_ns,492,-0.8886134756259128,-1.0156235580436457,-0.7034718665823549,heldout_run
amplitude_stratum,"amp[4000,7000)",hgb_full_unconstrained,monotone_residual_table,full_rms_ns,492,-1.2183972063135495,-1.5423567781089156,-0.6238236750728022,heldout_run
amplitude_stratum,"amp[4000,7000)",hgb_full_unconstrained,monotone_residual_table,tail_frac_abs_gt5ns,492,-0.02022971571997599,-0.047986443381180216,0.003371740574655366,heldout_run
amplitude_stratum,"amp[4000,7000)",hgb_full_unconstrained,monotone_residual_table,bias_vs_log_amp_slope_ns,492,-4.7623238239413865,-6.8735506915280595,-0.9482396580430115,heldout_run
amplitude_stratum,"amp[4000,7000)",hgb_full_unconstrained,monotone_residual_table,calibration_coverage_abs_le2ns,492,0.19604037267080743,0.1703233007533054,0.22475462304409677,heldout_run
amplitude_stratum,"amp[4000,7000)",hgb_full_unconstrained,robust_heavytail_table,sigma68_ns,492,-0.8347576241091197,-0.9421285522565218,-0.7021801022908023,heldout_run
amplitude_stratum,"amp[4000,7000)",hgb_full_unconstrained,robust_heavytail_table,full_rms_ns,492,-1.2112354882487115,-1.5313776161383201,-0.7784797735041729,heldout_run
amplitude_stratum,"amp[4000,7000)",hgb_full_unconstrained,robust_heavytail_table,tail_frac_abs_gt5ns,492,-0.02318747088126724,-0.05200013751375136,0.00393124165816899,heldout_run
amplitude_stratum,"amp[4000,7000)",hgb_full_unconstrained,robust_heavytail_table,bias_vs_log_amp_slope_ns,492,-4.776779147333083,-6.860143536154984,1.5646107842147723,heldout_run
amplitude_stratum,"amp[4000,7000)",hgb_full_unconstrained,robust_heavytail_table,calibration_coverage_abs_le2ns,492,0.18354941893770726,0.14910136144778352,0.22132556352459007,heldout_run
stave_stratum,B4-B6,hgb_full_unconstrained,signed_shared_shrinkage,sigma68_ns,3820,-0.03213528743002003,-0.15098017450580795,0.09015146415625552,heldout_run
stave_stratum,B4-B6,hgb_full_unconstrained,signed_shared_shrinkage,full_rms_ns,3820,-0.2438074944604156,-0.3131293182495518,-0.174829868054991,heldout_run
stave_stratum,B4-B6,hgb_full_unconstrained,signed_shared_shrinkage,tail_frac_abs_gt5ns,3820,0.0009354818765400213,-0.0019248713698756528,0.0029575409424233198,heldout_run
stave_stratum,B4-B6,hgb_full_unconstrained,signed_shared_shrinkage,bias_vs_log_amp_slope_ns,3820,-1.0260129974801844,-1.4373648600446434,-0.7803497854453662,heldout_run
stave_stratum,B4-B6,hgb_full_unconstrained,signed_shared_shrinkage,calibration_coverage_abs_le2ns,3820,0.014874791808197507,-0.002201917851578361,0.043231111111111116,heldout_run
stave_stratum,B4-B6,hgb_full_unconstrained,s03a_amp_only,sigma68_ns,3820,-0.04311455397825148,-0.10128212164781202,0.05210674460433898,heldout_run
stave_stratum,B4-B6,hgb_full_unconstrained,s03a_amp_only,full_rms_ns,3820,-0.2594334460911296,-0.3374603436236722,-0.183149031267875,heldout_run
stave_stratum,B4-B6,hgb_full_unconstrained,s03a_amp_only,tail_frac_abs_gt5ns,3820,0.0009697186490026603,-0.0020149136544135747,0.0030846376012211097,heldout_run
stave_stratum,B4-B6,hgb_full_unconstrained,s03a_amp_only,bias_vs_log_amp_slope_ns,3820,-0.8566922253214142,-1.2287928005852145,-0.5889035241547068,heldout_run
stave_stratum,B4-B6,hgb_full_unconstrained,s03a_amp_only,calibration_coverage_abs_le2ns,3820,0.017804781998531916,-0.006061038940846228,0.033733332319208144,heldout_run
stave_stratum,B4-B6,hgb_full_unconstrained,monotone_residual_table,sigma68_ns,3820,-0.037751164555822836,-0.20292091263571294,0.16095400728744552,heldout_run
stave_stratum,B4-B6,hgb_full_unconstrained,monotone_residual_table,full_rms_ns,3820,-0.22970286042281862,-0.2969759620625743,-0.15281358625201794,heldout_run
stave_stratum,B4-B6,hgb_full_unconstrained,monotone_residual_table,tail_frac_abs_gt5ns,3820,0.0008040768051750559,-0.002101535739582487,0.0035090716443880125,heldout_run
stave_stratum,B4-B6,hgb_full_unconstrained,monotone_residual_table,bias_vs_log_amp_slope_ns,3820,-0.985193653079708,-1.3036333846035908,-0.6895075470442721,heldout_run
stave_stratum,B4-B6,hgb_full_unconstrained,monotone_residual_table,calibration_coverage_abs_le2ns,3820,0.016123650198677508,-0.0035166989885255682,0.04333342899127858,heldout_run
stave_stratum,B4-B6,hgb_full_unconstrained,robust_heavytail_table,sigma68_ns,3820,0.007180836279739866,-0.2316947860864104,0.15373282820245185,heldout_run
stave_stratum,B4-B6,hgb_full_unconstrained,robust_heavytail_table,full_rms_ns,3820,-0.23313626057904235,-0.29114846356746593,-0.17521682757092027,heldout_run
stave_stratum,B4-B6,hgb_full_unconstrained,robust_heavytail_table,tail_frac_abs_gt5ns,3820,0.0008986930215811231,-0.002522160039880793,0.003681256235014088,heldout_run
stave_stratum,B4-B6,hgb_full_unconstrained,robust_heavytail_table,bias_vs_log_amp_slope_ns,3820,-0.9936432572956861,-1.2793974880265115,-0.7542382937393716,heldout_run
stave_stratum,B4-B6,hgb_full_unconstrained,robust_heavytail_table,calibration_coverage_abs_le2ns,3820,0.016738203403374452,-0.0038519170404990753,0.04363147897478684,heldout_run
stave_stratum,B4-B8,hgb_full_unconstrained,signed_shared_shrinkage,sigma68_ns,3820,-0.0856873634985692,-0.2578810558259345,0.09461108750554084,heldout_run
stave_stratum,B4-B8,hgb_full_unconstrained,signed_shared_shrinkage,full_rms_ns,3820,-0.34450774483333757,-0.41237362438033803,-0.20621654469579315,heldout_run
stave_stratum,B4-B8,hgb_full_unconstrained,signed_shared_shrinkage,tail_frac_abs_gt5ns,3820,-0.00576049975284304,-0.01403069607377653,-0.00048162655768965257,heldout_run
stave_stratum,B4-B8,hgb_full_unconstrained,signed_shared_shrinkage,bias_vs_log_amp_slope_ns,3820,-2.1955307230790386,-2.4623352831660577,-1.8922172934782755,heldout_run
stave_stratum,B4-B8,hgb_full_unconstrained,signed_shared_shrinkage,calibration_coverage_abs_le2ns,3820,0.04024082055280803,0.029309860736747472,0.05485263961805613,heldout_run
stave_stratum,B4-B8,hgb_full_unconstrained,s03a_amp_only,sigma68_ns,3820,-0.03958992101138292,-0.15301607154966057,0.11632139232438841,heldout_run
stave_stratum,B4-B8,hgb_full_unconstrained,s03a_amp_only,full_rms_ns,3820,-0.2953100542436189,-0.38537392685312893,-0.21020613615057532,heldout_run
stave_stratum,B4-B8,hgb_full_unconstrained,s03a_amp_only,tail_frac_abs_gt5ns,3820,-0.003047275138642505,-0.005638641838204739,0.0008833922261484092,heldout_run
stave_stratum,B4-B8,hgb_full_unconstrained,s03a_amp_only,bias_vs_log_amp_slope_ns,3820,-1.2720598375090262,-1.5026860239070423,-0.8993252841543549,heldout_run
stave_stratum,B4-B8,hgb_full_unconstrained,s03a_amp_only,calibration_coverage_abs_le2ns,3820,0.028385684599555927,0.020394810448494855,0.03977861974412628,heldout_run
stave_stratum,B4-B8,hgb_full_unconstrained,monotone_residual_table,sigma68_ns,3820,-0.10054751798662742,-0.2541049129205093,0.13369671272466327,heldout_run
stave_stratum,B4-B8,hgb_full_unconstrained,monotone_residual_table,full_rms_ns,3820,-0.25768738221596243,-0.33976189628180753,-0.16030647541862178,heldout_run
stave_stratum,B4-B8,hgb_full_unconstrained,monotone_residual_table,tail_frac_abs_gt5ns,3820,-0.0020535860829301025,-0.004215625789801365,0.00142836457272054,heldout_run
stave_stratum,B4-B8,hgb_full_unconstrained,monotone_residual_table,bias_vs_log_amp_slope_ns,3820,-1.2287916095401856,-1.3660309901220244,-1.0145280762300997,heldout_run
stave_stratum,B4-B8,hgb_full_unconstrained,monotone_residual_table,calibration_coverage_abs_le2ns,3820,0.013339466421343205,0.006725481017933799,0.03462135138499619,heldout_run
stave_stratum,B4-B8,hgb_full_unconstrained,robust_heavytail_table,sigma68_ns,3820,0.007902555212981222,-0.20275208163059577,0.12685224412246707,heldout_run
stave_stratum,B4-B8,hgb_full_unconstrained,robust_heavytail_table,full_rms_ns,3820,-0.2572336568879705,-0.33891887979122604,-0.1358226740659978,heldout_run
stave_stratum,B4-B8,hgb_full_unconstrained,robust_heavytail_table,tail_frac_abs_gt5ns,3820,-0.0027979624829901238,-0.005703795400190695,0.002329625857216165,heldout_run
stave_stratum,B4-B8,hgb_full_unconstrained,robust_heavytail_table,bias_vs_log_amp_slope_ns,3820,-1.4250922637187893,-1.504678621392513,-1.2362499741140207,heldout_run
stave_stratum,B4-B8,hgb_full_unconstrained,robust_heavytail_table,calibration_coverage_abs_le2ns,3820,0.01699242359821257,0.008170628940351924,0.034187747375279666,heldout_run
stave_stratum,B6-B8,hgb_full_unconstrained,signed_shared_shrinkage,sigma68_ns,3820,-0.09366403793374806,-0.2525924514459651,0.0692596494817535,heldout_run
stave_stratum,B6-B8,hgb_full_unconstrained,signed_shared_shrinkage,full_rms_ns,3820,-0.1738135478769891,-0.20826158816800394,-0.1371550389960057,heldout_run
stave_stratum,B6-B8,hgb_full_unconstrained,signed_shared_shrinkage,tail_frac_abs_gt5ns,3820,-0.003387341173639355,-0.005146166743342594,-0.0019799600993642063,heldout_run
stave_stratum,B6-B8,hgb_full_unconstrained,signed_shared_shrinkage,bias_vs_log_amp_slope_ns,3820,-1.7098660886683377,-1.9354587301213273,-1.4791416566431907,heldout_run
stave_stratum,B6-B8,hgb_full_unconstrained,signed_shared_shrinkage,calibration_coverage_abs_le2ns,3820,0.04269914590833579,0.03104831440321748,0.04901199230955192,heldout_run
stave_stratum,B6-B8,hgb_full_unconstrained,s03a_amp_only,sigma68_ns,3820,-0.05542805774147863,-0.08606783166324827,0.008695475432125899,heldout_run
stave_stratum,B6-B8,hgb_full_unconstrained,s03a_amp_only,full_rms_ns,3820,-0.1091259036489376,-0.13424749025459554,-0.08415742888048794,heldout_run
stave_stratum,B6-B8,hgb_full_unconstrained,s03a_amp_only,tail_frac_abs_gt5ns,3820,-0.0012965048364189493,-0.0020152261531571885,-0.0004806335080200435,heldout_run
stave_stratum,B6-B8,hgb_full_unconstrained,s03a_amp_only,bias_vs_log_amp_slope_ns,3820,-0.8065387647215008,-1.0570410016385583,-0.5489203573935658,heldout_run
stave_stratum,B6-B8,hgb_full_unconstrained,s03a_amp_only,calibration_coverage_abs_le2ns,3820,0.028868298559605765,0.01909504359946842,0.03613840739647328,heldout_run
stave_stratum,B6-B8,hgb_full_unconstrained,monotone_residual_table,sigma68_ns,3820,-0.10799138671774644,-0.2617509155487499,0.014829212521733661,heldout_run
stave_stratum,B6-B8,hgb_full_unconstrained,monotone_residual_table,full_rms_ns,3820,-0.09166255615099084,-0.10705957352750275,-0.07739624143828613,heldout_run
stave_stratum,B6-B8,hgb_full_unconstrained,monotone_residual_table,tail_frac_abs_gt5ns,3820,-0.0011784431829575401,-0.002328179619522955,0.0,heldout_run
stave_stratum,B6-B8,hgb_full_unconstrained,monotone_residual_table,bias_vs_log_amp_slope_ns,3820,-0.6271799406610407,-0.6806451485010282,-0.573988736273685,heldout_run
stave_stratum,B6-B8,hgb_full_unconstrained,monotone_residual_table,calibration_coverage_abs_le2ns,3820,0.021670361427130802,0.009194831999186411,0.02937909895307177,heldout_run
stave_stratum,B6-B8,hgb_full_unconstrained,robust_heavytail_table,sigma68_ns,3820,-0.13431776439707505,-0.22829960519034068,0.005714212811351616,heldout_run
stave_stratum,B6-B8,hgb_full_unconstrained,robust_heavytail_table,full_rms_ns,3820,-0.10114032556768271,-0.12015787836291322,-0.08309730735374592,heldout_run
stave_stratum,B6-B8,hgb_full_unconstrained,robust_heavytail_table,tail_frac_abs_gt5ns,3820,-0.001300814246263807,-0.002228478327081864,-0.0002701194948760977,heldout_run
stave_stratum,B6-B8,hgb_full_unconstrained,robust_heavytail_table,bias_vs_log_amp_slope_ns,3820,-0.8376795515284516,-0.9400967820235342,-0.7405628817056898,heldout_run
stave_stratum,B6-B8,hgb_full_unconstrained,robust_heavytail_table,calibration_coverage_abs_le2ns,3820,0.023362897318966624,0.01332052325866619,0.032869931188815225,heldout_run
peak_sample_stratum,"peak[12,99)",hgb_full_unconstrained,signed_shared_shrinkage,sigma68_ns,906,-0.14460510042377772,-0.20546503242021527,-0.08296252835523259,heldout_run
peak_sample_stratum,"peak[12,99)",hgb_full_unconstrained,signed_shared_shrinkage,full_rms_ns,906,-0.5144344849882994,-0.81815260562314,-0.08006957441515054,heldout_run
peak_sample_stratum,"peak[12,99)",hgb_full_unconstrained,signed_shared_shrinkage,tail_frac_abs_gt5ns,906,-0.002208377208377209,-0.016957700385874082,0.014171404446946222,heldout_run
peak_sample_stratum,"peak[12,99)",hgb_full_unconstrained,signed_shared_shrinkage,bias_vs_log_amp_slope_ns,906,-2.0390055548267307,-2.822220731148819,-1.0689060267935295,heldout_run
peak_sample_stratum,"peak[12,99)",hgb_full_unconstrained,signed_shared_shrinkage,calibration_coverage_abs_le2ns,906,0.21968620646024256,0.11393673534128618,0.23427697020627342,heldout_run
peak_sample_stratum,"peak[12,99)",hgb_full_unconstrained,s03a_amp_only,sigma68_ns,906,-0.14518383712158922,-0.20107255038467728,-0.06668802241473501,heldout_run
peak_sample_stratum,"peak[12,99)",hgb_full_unconstrained,s03a_amp_only,full_rms_ns,906,-0.5419119039075018,-0.8174831693845271,-0.09287050245342425,heldout_run
peak_sample_stratum,"peak[12,99)",hgb_full_unconstrained,s03a_amp_only,tail_frac_abs_gt5ns,906,-0.002778081633730771,-0.016600982655948886,0.02112445887445888,heldout_run
peak_sample_stratum,"peak[12,99)",hgb_full_unconstrained,s03a_amp_only,bias_vs_log_amp_slope_ns,906,-1.7283811028685847,-2.698144308940041,-0.6132574590555648,heldout_run
peak_sample_stratum,"peak[12,99)",hgb_full_unconstrained,s03a_amp_only,calibration_coverage_abs_le2ns,906,0.09729608587980865,0.08123766271873664,0.11763682590659714,heldout_run
peak_sample_stratum,"peak[12,99)",hgb_full_unconstrained,monotone_residual_table,sigma68_ns,906,-0.26808351464632807,-0.3363806297804749,-0.21476879338370375,heldout_run
peak_sample_stratum,"peak[12,99)",hgb_full_unconstrained,monotone_residual_table,full_rms_ns,906,-0.5622542705393521,-0.863918540253414,-0.1674153826035617,heldout_run
peak_sample_stratum,"peak[12,99)",hgb_full_unconstrained,monotone_residual_table,tail_frac_abs_gt5ns,906,-0.003187268529489428,-0.015014303811565547,0.014958411403719875,heldout_run
peak_sample_stratum,"peak[12,99)",hgb_full_unconstrained,monotone_residual_table,bias_vs_log_amp_slope_ns,906,-1.218324046485642,-2.310874675888279,-0.28944856753383436,heldout_run
peak_sample_stratum,"peak[12,99)",hgb_full_unconstrained,monotone_residual_table,calibration_coverage_abs_le2ns,906,0.24078090404112334,0.22357861177897442,0.26591760299625467,heldout_run
peak_sample_stratum,"peak[12,99)",hgb_full_unconstrained,robust_heavytail_table,sigma68_ns,906,-0.2835674617098559,-0.33291188192181986,-0.21297152157324756,heldout_run
peak_sample_stratum,"peak[12,99)",hgb_full_unconstrained,robust_heavytail_table,full_rms_ns,906,-0.5671201488428981,-0.8765054080416154,-0.1375797564157938,heldout_run
peak_sample_stratum,"peak[12,99)",hgb_full_unconstrained,robust_heavytail_table,tail_frac_abs_gt5ns,906,-0.002851939033959014,-0.01680354531377693,0.01115636120232957,heldout_run
peak_sample_stratum,"peak[12,99)",hgb_full_unconstrained,robust_heavytail_table,bias_vs_log_amp_slope_ns,906,-1.4338778728240826,-2.3938781989352305,-0.263255954813108,heldout_run
peak_sample_stratum,"peak[12,99)",hgb_full_unconstrained,robust_heavytail_table,calibration_coverage_abs_le2ns,906,0.24238329238329237,0.22138066469472045,0.2674308946731777,heldout_run
peak_sample_stratum,"peak[4,6)",hgb_full_unconstrained,signed_shared_shrinkage,sigma68_ns,1474,-0.20286999086118296,-0.25167309459497866,-0.15679269508693872,heldout_run
peak_sample_stratum,"peak[4,6)",hgb_full_unconstrained,signed_shared_shrinkage,full_rms_ns,1474,-0.11854442792093739,-0.14874492904815528,-0.07472952191567485,heldout_run
peak_sample_stratum,"peak[4,6)",hgb_full_unconstrained,signed_shared_shrinkage,tail_frac_abs_gt5ns,1474,0.0,0.0,0.0,heldout_run
peak_sample_stratum,"peak[4,6)",hgb_full_unconstrained,signed_shared_shrinkage,bias_vs_log_amp_slope_ns,1474,-0.057382070731421875,-0.19595632720713885,0.13834820092886,heldout_run
peak_sample_stratum,"peak[4,6)",hgb_full_unconstrained,signed_shared_shrinkage,calibration_coverage_abs_le2ns,1474,0.1976470469949641,0.12445414452965697,0.3093667966390246,heldout_run
peak_sample_stratum,"peak[4,6)",hgb_full_unconstrained,s03a_amp_only,sigma68_ns,1474,-0.2181005442938817,-0.26510473093767656,-0.1854430866763884,heldout_run
peak_sample_stratum,"peak[4,6)",hgb_full_unconstrained,s03a_amp_only,full_rms_ns,1474,-0.1519317547953249,-0.19264906141387655,-0.11473381456921943,heldout_run
peak_sample_stratum,"peak[4,6)",hgb_full_unconstrained,s03a_amp_only,tail_frac_abs_gt5ns,1474,0.0,0.0,0.0,heldout_run
peak_sample_stratum,"peak[4,6)",hgb_full_unconstrained,s03a_amp_only,bias_vs_log_amp_slope_ns,1474,0.6113568201744671,0.37728823345569984,0.7648554897624931,heldout_run
peak_sample_stratum,"peak[4,6)",hgb_full_unconstrained,s03a_amp_only,calibration_coverage_abs_le2ns,1474,0.12606821200151297,0.09729080721630433,0.1786522524739845,heldout_run
peak_sample_stratum,"peak[4,6)",hgb_full_unconstrained,monotone_residual_table,sigma68_ns,1474,-0.35699613803727265,-0.4031152575503185,-0.2874880670532545,heldout_run
peak_sample_stratum,"peak[4,6)",hgb_full_unconstrained,monotone_residual_table,full_rms_ns,1474,-0.28664737222474473,-0.31234540881799483,-0.2690123839493553,heldout_run
peak_sample_stratum,"peak[4,6)",hgb_full_unconstrained,monotone_residual_table,tail_frac_abs_gt5ns,1474,0.0,0.0,0.0,heldout_run
peak_sample_stratum,"peak[4,6)",hgb_full_unconstrained,monotone_residual_table,bias_vs_log_amp_slope_ns,1474,0.5697750593057404,0.4672297316708039,0.7233648556391526,heldout_run
peak_sample_stratum,"peak[4,6)",hgb_full_unconstrained,monotone_residual_table,calibration_coverage_abs_le2ns,1474,0.29393557089471356,0.27774901380670614,0.30966369233377256,heldout_run
peak_sample_stratum,"peak[4,6)",hgb_full_unconstrained,robust_heavytail_table,sigma68_ns,1474,-0.35947400776694577,-0.4031152575503185,-0.28598393265311123,heldout_run
peak_sample_stratum,"peak[4,6)",hgb_full_unconstrained,robust_heavytail_table,full_rms_ns,1474,-0.2723729918793443,-0.29108241145861724,-0.26045718027781667,heldout_run
peak_sample_stratum,"peak[4,6)",hgb_full_unconstrained,robust_heavytail_table,tail_frac_abs_gt5ns,1474,0.0,0.0,0.0,heldout_run
peak_sample_stratum,"peak[4,6)",hgb_full_unconstrained,robust_heavytail_table,bias_vs_log_amp_slope_ns,1474,0.49818233327671957,0.44574917052202484,0.5533264642047085,heldout_run
peak_sample_stratum,"peak[4,6)",hgb_full_unconstrained,robust_heavytail_table,calibration_coverage_abs_le2ns,1474,0.29655172413793096,0.2826216749979763,0.3143586729107192,heldout_run
peak_sample_stratum,"peak[6,8)",hgb_full_unconstrained,signed_shared_shrinkage,sigma68_ns,2155,-0.20707003429780746,-0.26171084649893733,-0.10797161950556496,heldout_run
peak_sample_stratum,"peak[6,8)",hgb_full_unconstrained,signed_shared_shrinkage,full_rms_ns,2155,-0.12726293305216996,-0.1560831335515415,-0.10753096830806705,heldout_run
peak_sample_stratum,"peak[6,8)",hgb_full_unconstrained,signed_shared_shrinkage,tail_frac_abs_gt5ns,2155,-0.0010556964141428212,-0.003117825333928241,0.0005328371372641814,heldout_run
peak_sample_stratum,"peak[6,8)",hgb_full_unconstrained,signed_shared_shrinkage,bias_vs_log_amp_slope_ns,2155,-0.6987719513338464,-0.9822961481194309,-0.3780695055145293,heldout_run
peak_sample_stratum,"peak[6,8)",hgb_full_unconstrained,signed_shared_shrinkage,calibration_coverage_abs_le2ns,2155,0.10076942208844047,0.05577031986854087,0.20703852210908283,heldout_run
peak_sample_stratum,"peak[6,8)",hgb_full_unconstrained,s03a_amp_only,sigma68_ns,2155,-0.19952348112049312,-0.2637616765105187,-0.10811252662359075,heldout_run
peak_sample_stratum,"peak[6,8)",hgb_full_unconstrained,s03a_amp_only,full_rms_ns,2155,-0.09305402608486224,-0.13038378454668134,-0.04937259454022021,heldout_run
peak_sample_stratum,"peak[6,8)",hgb_full_unconstrained,s03a_amp_only,tail_frac_abs_gt5ns,2155,0.0,-0.002940596617175179,0.004726866756965478,heldout_run
peak_sample_stratum,"peak[6,8)",hgb_full_unconstrained,s03a_amp_only,bias_vs_log_amp_slope_ns,2155,-0.11428569966920954,-0.40538029241159457,0.12369686861873824,heldout_run
peak_sample_stratum,"peak[6,8)",hgb_full_unconstrained,s03a_amp_only,calibration_coverage_abs_le2ns,2155,0.04694887034137463,0.03861168007527448,0.06347799801677734,heldout_run
peak_sample_stratum,"peak[6,8)",hgb_full_unconstrained,monotone_residual_table,sigma68_ns,2155,-0.29733024812196207,-0.34683146857462105,-0.20311113364863378,heldout_run
peak_sample_stratum,"peak[6,8)",hgb_full_unconstrained,monotone_residual_table,full_rms_ns,2155,-0.19897323181193227,-0.23381723591401907,-0.16931666232855225,heldout_run
peak_sample_stratum,"peak[6,8)",hgb_full_unconstrained,monotone_residual_table,tail_frac_abs_gt5ns,2155,0.0,-0.005279507941451262,0.0022413706898902737,heldout_run
peak_sample_stratum,"peak[6,8)",hgb_full_unconstrained,monotone_residual_table,bias_vs_log_amp_slope_ns,2155,0.34634152208778857,0.09621279030648147,0.7026962692049096,heldout_run
peak_sample_stratum,"peak[6,8)",hgb_full_unconstrained,monotone_residual_table,calibration_coverage_abs_le2ns,2155,0.18046133718278945,0.08967433672827865,0.22914062194507634,heldout_run
peak_sample_stratum,"peak[6,8)",hgb_full_unconstrained,robust_heavytail_table,sigma68_ns,2155,-0.299408471092804,-0.35223126997717813,-0.21334006253388801,heldout_run
peak_sample_stratum,"peak[6,8)",hgb_full_unconstrained,robust_heavytail_table,full_rms_ns,2155,-0.1920133571335777,-0.23082989134012957,-0.1502314803263388,heldout_run
peak_sample_stratum,"peak[6,8)",hgb_full_unconstrained,robust_heavytail_table,tail_frac_abs_gt5ns,2155,0.0,-0.003473135964912281,0.0037013057459497783,heldout_run
peak_sample_stratum,"peak[6,8)",hgb_full_unconstrained,robust_heavytail_table,bias_vs_log_amp_slope_ns,2155,0.16739075888699262,0.021480767113162724,0.39981734807744,heldout_run
peak_sample_stratum,"peak[6,8)",hgb_full_unconstrained,robust_heavytail_table,calibration_coverage_abs_le2ns,2155,0.1768869671539371,0.12911050302415028,0.22694612579845458,heldout_run
peak_sample_stratum,"peak[8,12)",hgb_full_unconstrained,signed_shared_shrinkage,sigma68_ns,6883,-0.29853805375194364,-0.387351736101589,-0.23068548851074475,heldout_run
peak_sample_stratum,"peak[8,12)",hgb_full_unconstrained,signed_shared_shrinkage,full_rms_ns,6883,-0.3656853824227726,-0.43735788452408725,-0.29065870672339394,heldout_run
peak_sample_stratum,"peak[8,12)",hgb_full_unconstrained,signed_shared_shrinkage,tail_frac_abs_gt5ns,6883,-0.009501545962999165,-0.016120518889438842,-0.0044399419383268175,heldout_run
peak_sample_stratum,"peak[8,12)",hgb_full_unconstrained,signed_shared_shrinkage,bias_vs_log_amp_slope_ns,6883,-1.5613218334927808,-1.8879306866657608,-1.210719347558112,heldout_run
peak_sample_stratum,"peak[8,12)",hgb_full_unconstrained,signed_shared_shrinkage,calibration_coverage_abs_le2ns,6883,0.07822799648680684,0.06153054448871182,0.0896666380839244,heldout_run
peak_sample_stratum,"peak[8,12)",hgb_full_unconstrained,s03a_amp_only,sigma68_ns,6883,-0.22577321752871982,-0.2932728552738223,-0.1855688607025662,heldout_run
peak_sample_stratum,"peak[8,12)",hgb_full_unconstrained,s03a_amp_only,full_rms_ns,6883,-0.3095534973356884,-0.4010087044106603,-0.22727014037777576,heldout_run
peak_sample_stratum,"peak[8,12)",hgb_full_unconstrained,s03a_amp_only,tail_frac_abs_gt5ns,6883,-0.005750815392685975,-0.012721113037474694,-0.0005766429521821881,heldout_run
peak_sample_stratum,"peak[8,12)",hgb_full_unconstrained,s03a_amp_only,bias_vs_log_amp_slope_ns,6883,-1.0485886426494524,-1.3220114409364638,-0.7433363023717812,heldout_run
peak_sample_stratum,"peak[8,12)",hgb_full_unconstrained,s03a_amp_only,calibration_coverage_abs_le2ns,6883,0.05794867458662084,0.05019938343067712,0.0707064173661217,heldout_run
peak_sample_stratum,"peak[8,12)",hgb_full_unconstrained,monotone_residual_table,sigma68_ns,6883,-0.33732201032009845,-0.40460784668353095,-0.25531282463284755,heldout_run
peak_sample_stratum,"peak[8,12)",hgb_full_unconstrained,monotone_residual_table,full_rms_ns,6883,-0.3369091976872305,-0.43098341835523846,-0.25362024553584783,heldout_run
peak_sample_stratum,"peak[8,12)",hgb_full_unconstrained,monotone_residual_table,tail_frac_abs_gt5ns,6883,-0.007777054806852486,-0.015837955470358094,-0.0018155937024802071,heldout_run
peak_sample_stratum,"peak[8,12)",hgb_full_unconstrained,monotone_residual_table,bias_vs_log_amp_slope_ns,6883,-0.5561375083198556,-0.7759572369087308,-0.33122502118029173,heldout_run
peak_sample_stratum,"peak[8,12)",hgb_full_unconstrained,monotone_residual_table,calibration_coverage_abs_le2ns,6883,0.08085804047973483,0.06196450428396583,0.12356721334473872,heldout_run
peak_sample_stratum,"peak[8,12)",hgb_full_unconstrained,robust_heavytail_table,sigma68_ns,6883,-0.34463800046648885,-0.433175194387077,-0.274263941647479,heldout_run
peak_sample_stratum,"peak[8,12)",hgb_full_unconstrained,robust_heavytail_table,full_rms_ns,6883,-0.35722721276368485,-0.48400081008621054,-0.25892367200814814,heldout_run
peak_sample_stratum,"peak[8,12)",hgb_full_unconstrained,robust_heavytail_table,tail_frac_abs_gt5ns,6883,-0.008418449629072143,-0.019336833588190338,-0.0016912943346640349,heldout_run
peak_sample_stratum,"peak[8,12)",hgb_full_unconstrained,robust_heavytail_table,bias_vs_log_amp_slope_ns,6883,-0.7146429550071646,-0.8701940702739076,-0.5014884060489503,heldout_run
peak_sample_stratum,"peak[8,12)",hgb_full_unconstrained,robust_heavytail_table,calibration_coverage_abs_le2ns,6883,0.08978817578248499,0.0630736074203806,0.11760737872238526,heldout_run
q_template_stratum,"q[0,0.06)",hgb_full_unconstrained,signed_shared_shrinkage,sigma68_ns,705,-0.08486037768742305,-0.19782724805032784,-0.007934829320850252,heldout_run
q_template_stratum,"q[0,0.06)",hgb_full_unconstrained,signed_shared_shrinkage,full_rms_ns,705,-0.12232624106620538,-0.16680942762195783,-0.07098176573450438,heldout_run
q_template_stratum,"q[0,0.06)",hgb_full_unconstrained,signed_shared_shrinkage,tail_frac_abs_gt5ns,705,-0.002222320992044091,-0.009552439098567561,0.0,heldout_run
q_template_stratum,"q[0,0.06)",hgb_full_unconstrained,signed_shared_shrinkage,bias_vs_log_amp_slope_ns,705,-0.24205507453855235,-0.3203797730306554,-0.08157920075406451,heldout_run
q_template_stratum,"q[0,0.06)",hgb_full_unconstrained,signed_shared_shrinkage,calibration_coverage_abs_le2ns,705,0.030286020369228894,0.008474319462057988,0.07143102770681871,heldout_run
q_template_stratum,"q[0,0.06)",hgb_full_unconstrained,s03a_amp_only,sigma68_ns,705,-0.09042816394524833,-0.18477622679216416,-0.02780175204151673,heldout_run
q_template_stratum,"q[0,0.06)",hgb_full_unconstrained,s03a_amp_only,full_rms_ns,705,-0.09547101131165925,-0.14015101333193267,-0.06568556122440679,heldout_run
q_template_stratum,"q[0,0.06)",hgb_full_unconstrained,s03a_amp_only,tail_frac_abs_gt5ns,705,-0.0012399260810341275,-0.005168471665290039,0.0,heldout_run
q_template_stratum,"q[0,0.06)",hgb_full_unconstrained,s03a_amp_only,bias_vs_log_amp_slope_ns,705,-0.2787845969710021,-0.4398145630049363,0.005478607774582129,heldout_run
q_template_stratum,"q[0,0.06)",hgb_full_unconstrained,s03a_amp_only,calibration_coverage_abs_le2ns,705,0.02613682764764841,0.009879368960992493,0.06398681692049846,heldout_run
q_template_stratum,"q[0,0.06)",hgb_full_unconstrained,monotone_residual_table,sigma68_ns,705,-0.07253640856277066,-0.23513826635080476,0.06015167016182719,heldout_run
q_template_stratum,"q[0,0.06)",hgb_full_unconstrained,monotone_residual_table,full_rms_ns,705,-0.1277004733372733,-0.16259163732721432,-0.08690850126109877,heldout_run
q_template_stratum,"q[0,0.06)",hgb_full_unconstrained,monotone_residual_table,tail_frac_abs_gt5ns,705,-0.004115278588982848,-0.009773028092922745,0.0,heldout_run
q_template_stratum,"q[0,0.06)",hgb_full_unconstrained,monotone_residual_table,bias_vs_log_amp_slope_ns,705,-0.22899369235983216,-0.3161152579003893,-0.0326645770215718,heldout_run
q_template_stratum,"q[0,0.06)",hgb_full_unconstrained,monotone_residual_table,calibration_coverage_abs_le2ns,705,0.036984858410505306,0.013270105895436996,0.06896750128963139,heldout_run
q_template_stratum,"q[0,0.06)",hgb_full_unconstrained,robust_heavytail_table,sigma68_ns,705,-0.06992674039410118,-0.22940265851245922,0.04510554267115639,heldout_run
q_template_stratum,"q[0,0.06)",hgb_full_unconstrained,robust_heavytail_table,full_rms_ns,705,-0.12953922394777007,-0.1627115962426091,-0.08579408375278008,heldout_run
q_template_stratum,"q[0,0.06)",hgb_full_unconstrained,robust_heavytail_table,tail_frac_abs_gt5ns,705,-0.004,-0.009765686739370949,0.0,heldout_run
q_template_stratum,"q[0,0.06)",hgb_full_unconstrained,robust_heavytail_table,bias_vs_log_amp_slope_ns,705,-0.22675586836866396,-0.31500180661614574,-0.05805280789708904,heldout_run
q_template_stratum,"q[0,0.06)",hgb_full_unconstrained,robust_heavytail_table,calibration_coverage_abs_le2ns,705,0.032776142491889204,0.01688940039866118,0.06923946771691128,heldout_run
q_template_stratum,"q[0.06,0.1)",hgb_full_unconstrained,signed_shared_shrinkage,sigma68_ns,2097,-0.2782225517000776,-0.4162226911625916,-0.20511205784117664,heldout_run
q_template_stratum,"q[0.06,0.1)",hgb_full_unconstrained,signed_shared_shrinkage,full_rms_ns,2097,-0.25483519944639943,-0.3100470520775356,-0.20201369604653224,heldout_run
q_template_stratum,"q[0.06,0.1)",hgb_full_unconstrained,signed_shared_shrinkage,tail_frac_abs_gt5ns,2097,-0.008024379356655328,-0.015217924812930791,-0.001374500513299823,heldout_run
q_template_stratum,"q[0.06,0.1)",hgb_full_unconstrained,signed_shared_shrinkage,bias_vs_log_amp_slope_ns,2097,-0.45343670569175554,-0.7687036195186597,-0.010235035502692535,heldout_run
q_template_stratum,"q[0.06,0.1)",hgb_full_unconstrained,signed_shared_shrinkage,calibration_coverage_abs_le2ns,2097,0.07676198295486547,0.045311974495515675,0.10450726672841858,heldout_run
q_template_stratum,"q[0.06,0.1)",hgb_full_unconstrained,s03a_amp_only,sigma68_ns,2097,-0.2329183014360391,-0.3113447486981866,-0.15412184898264147,heldout_run
q_template_stratum,"q[0.06,0.1)",hgb_full_unconstrained,s03a_amp_only,full_rms_ns,2097,-0.1938951504539942,-0.23314497011375804,-0.1491703720082107,heldout_run
q_template_stratum,"q[0.06,0.1)",hgb_full_unconstrained,s03a_amp_only,tail_frac_abs_gt5ns,2097,-0.005409334821495851,-0.0098631753582859,-0.0006208899397127806,heldout_run
q_template_stratum,"q[0.06,0.1)",hgb_full_unconstrained,s03a_amp_only,bias_vs_log_amp_slope_ns,2097,-0.26515318974302327,-0.529147018978393,0.04899769447038609,heldout_run
q_template_stratum,"q[0.06,0.1)",hgb_full_unconstrained,s03a_amp_only,calibration_coverage_abs_le2ns,2097,0.06296231631788057,0.03905232105324925,0.08258285651104288,heldout_run
q_template_stratum,"q[0.06,0.1)",hgb_full_unconstrained,monotone_residual_table,sigma68_ns,2097,-0.31740583726301086,-0.5304302784613457,-0.18715530165273236,heldout_run
q_template_stratum,"q[0.06,0.1)",hgb_full_unconstrained,monotone_residual_table,full_rms_ns,2097,-0.2878513601096886,-0.3618522979282893,-0.24223356515895017,heldout_run
q_template_stratum,"q[0.06,0.1)",hgb_full_unconstrained,monotone_residual_table,tail_frac_abs_gt5ns,2097,-0.00770807453416149,-0.017289484404096833,-0.0021523764769107315,heldout_run
q_template_stratum,"q[0.06,0.1)",hgb_full_unconstrained,monotone_residual_table,bias_vs_log_amp_slope_ns,2097,-0.18391946020445493,-0.5088986424882306,0.2257400696653799,heldout_run
q_template_stratum,"q[0.06,0.1)",hgb_full_unconstrained,monotone_residual_table,calibration_coverage_abs_le2ns,2097,0.0909628800791199,0.06786746819470824,0.1192522906385928,heldout_run
q_template_stratum,"q[0.06,0.1)",hgb_full_unconstrained,robust_heavytail_table,sigma68_ns,2097,-0.3112944860097563,-0.4691409396129792,-0.20469598478604545,heldout_run
q_template_stratum,"q[0.06,0.1)",hgb_full_unconstrained,robust_heavytail_table,full_rms_ns,2097,-0.29649883163214463,-0.37631418516727855,-0.2436065041556761,heldout_run
q_template_stratum,"q[0.06,0.1)",hgb_full_unconstrained,robust_heavytail_table,tail_frac_abs_gt5ns,2097,-0.008255362734950495,-0.020242912282225134,-0.001994462839141058,heldout_run
q_template_stratum,"q[0.06,0.1)",hgb_full_unconstrained,robust_heavytail_table,bias_vs_log_amp_slope_ns,2097,-0.18475390578444362,-0.49871889547610365,0.1904879004002845,heldout_run
q_template_stratum,"q[0.06,0.1)",hgb_full_unconstrained,robust_heavytail_table,calibration_coverage_abs_le2ns,2097,0.09129977986792076,0.06796134120404013,0.1192837279109683,heldout_run
q_template_stratum,"q[0.1,0.16)",hgb_full_unconstrained,signed_shared_shrinkage,sigma68_ns,3456,-0.3541825481875688,-0.4720587068289702,-0.2676862474741332,heldout_run
q_template_stratum,"q[0.1,0.16)",hgb_full_unconstrained,signed_shared_shrinkage,full_rms_ns,3456,-0.3584494522466374,-0.3829368369841095,-0.3249428792046025,heldout_run
q_template_stratum,"q[0.1,0.16)",hgb_full_unconstrained,signed_shared_shrinkage,tail_frac_abs_gt5ns,3456,-0.013466056006202216,-0.01853207627673551,-0.0051898388418464905,heldout_run
q_template_stratum,"q[0.1,0.16)",hgb_full_unconstrained,signed_shared_shrinkage,bias_vs_log_amp_slope_ns,3456,-2.0439905570327084,-2.4315770448141563,-1.7267261727529655,heldout_run
q_template_stratum,"q[0.1,0.16)",hgb_full_unconstrained,signed_shared_shrinkage,calibration_coverage_abs_le2ns,3456,0.0949349495645504,0.07258903930567404,0.11379737448180562,heldout_run
q_template_stratum,"q[0.1,0.16)",hgb_full_unconstrained,s03a_amp_only,sigma68_ns,3456,-0.275139859631904,-0.3756643062839668,-0.2127762890872362,heldout_run
q_template_stratum,"q[0.1,0.16)",hgb_full_unconstrained,s03a_amp_only,full_rms_ns,3456,-0.2515667298004278,-0.26700607268252063,-0.22105139688725425,heldout_run
q_template_stratum,"q[0.1,0.16)",hgb_full_unconstrained,s03a_amp_only,tail_frac_abs_gt5ns,3456,-0.008856803662949617,-0.0139587415465317,-0.001570915704856715,heldout_run
q_template_stratum,"q[0.1,0.16)",hgb_full_unconstrained,s03a_amp_only,bias_vs_log_amp_slope_ns,3456,-1.3217974518268238,-1.6221892870600265,-1.0823926758699158,heldout_run
q_template_stratum,"q[0.1,0.16)",hgb_full_unconstrained,s03a_amp_only,calibration_coverage_abs_le2ns,3456,0.06887121182326883,0.0567087509816671,0.08133339122595898,heldout_run
q_template_stratum,"q[0.1,0.16)",hgb_full_unconstrained,monotone_residual_table,sigma68_ns,3456,-0.30036780205154845,-0.40754334016080657,-0.23608178873111385,heldout_run
q_template_stratum,"q[0.1,0.16)",hgb_full_unconstrained,monotone_residual_table,full_rms_ns,3456,-0.2856123225172629,-0.3295481958339796,-0.25597495217842897,heldout_run
q_template_stratum,"q[0.1,0.16)",hgb_full_unconstrained,monotone_residual_table,tail_frac_abs_gt5ns,3456,-0.0069393625012085115,-0.012432946084636638,-0.0019253721300470168,heldout_run
q_template_stratum,"q[0.1,0.16)",hgb_full_unconstrained,monotone_residual_table,bias_vs_log_amp_slope_ns,3456,-0.7921486917279883,-1.012055280630673,-0.515789317774165,heldout_run
q_template_stratum,"q[0.1,0.16)",hgb_full_unconstrained,monotone_residual_table,calibration_coverage_abs_le2ns,3456,0.08222938535138702,0.06627776794597907,0.11479145837352354,heldout_run
q_template_stratum,"q[0.1,0.16)",hgb_full_unconstrained,robust_heavytail_table,sigma68_ns,3456,-0.3196973827579419,-0.4217661064307104,-0.2536304075866658,heldout_run
q_template_stratum,"q[0.1,0.16)",hgb_full_unconstrained,robust_heavytail_table,full_rms_ns,3456,-0.30282272696449763,-0.350396629102343,-0.27320368253858507,heldout_run
q_template_stratum,"q[0.1,0.16)",hgb_full_unconstrained,robust_heavytail_table,tail_frac_abs_gt5ns,3456,-0.008189776899181024,-0.017254722824087843,-0.0026393012858698527,heldout_run
q_template_stratum,"q[0.1,0.16)",hgb_full_unconstrained,robust_heavytail_table,bias_vs_log_amp_slope_ns,3456,-0.9693855972662111,-1.1311318876407288,-0.8146154694430726,heldout_run
q_template_stratum,"q[0.1,0.16)",hgb_full_unconstrained,robust_heavytail_table,calibration_coverage_abs_le2ns,3456,0.08517838678770978,0.06463774150405871,0.11680029968164163,heldout_run
q_template_stratum,"q[0.16,999)",hgb_full_unconstrained,signed_shared_shrinkage,sigma68_ns,5202,-0.16788823629975103,-0.21956864543768978,-0.07634688224689135,heldout_run
q_template_stratum,"q[0.16,999)",hgb_full_unconstrained,signed_shared_shrinkage,full_rms_ns,5202,-0.3515859487094801,-0.43559266197510454,-0.20728824069901802,heldout_run
q_template_stratum,"q[0.16,999)",hgb_full_unconstrained,signed_shared_shrinkage,tail_frac_abs_gt5ns,5202,-0.002741126743209355,-0.005098031725338515,0.0035774741462054538,heldout_run
q_template_stratum,"q[0.16,999)",hgb_full_unconstrained,signed_shared_shrinkage,bias_vs_log_amp_slope_ns,5202,-0.8421304805608857,-1.0518283695215886,-0.6403364082938374,heldout_run
q_template_stratum,"q[0.16,999)",hgb_full_unconstrained,signed_shared_shrinkage,calibration_coverage_abs_le2ns,5202,0.13439757342388514,0.07646749214925033,0.2145385798674639,heldout_run
q_template_stratum,"q[0.16,999)",hgb_full_unconstrained,s03a_amp_only,sigma68_ns,5202,-0.19270305516447384,-0.22391381914281017,-0.14546415149743921,heldout_run
q_template_stratum,"q[0.16,999)",hgb_full_unconstrained,s03a_amp_only,full_rms_ns,5202,-0.3521404715644392,-0.4485214473431061,-0.24276752562238593,heldout_run
q_template_stratum,"q[0.16,999)",hgb_full_unconstrained,s03a_amp_only,tail_frac_abs_gt5ns,5202,-0.0008646295404165314,-0.003104354519332765,0.0017593129782570757,heldout_run
q_template_stratum,"q[0.16,999)",hgb_full_unconstrained,s03a_amp_only,bias_vs_log_amp_slope_ns,5202,-0.3295963065477613,-0.5489321093549562,-0.10333034687924225,heldout_run
q_template_stratum,"q[0.16,999)",hgb_full_unconstrained,s03a_amp_only,calibration_coverage_abs_le2ns,5202,0.06583847420378336,0.04548509282345074,0.10446089747694064,heldout_run
q_template_stratum,"q[0.16,999)",hgb_full_unconstrained,monotone_residual_table,sigma68_ns,5202,-0.2911438585436902,-0.32619662600599725,-0.22000015594135225,heldout_run
q_template_stratum,"q[0.16,999)",hgb_full_unconstrained,monotone_residual_table,full_rms_ns,5202,-0.40011595207790296,-0.489502083058572,-0.30400927829258767,heldout_run
q_template_stratum,"q[0.16,999)",hgb_full_unconstrained,monotone_residual_table,tail_frac_abs_gt5ns,5202,-0.0022483816763165416,-0.0047792219496964675,0.0013265225697414362,heldout_run
q_template_stratum,"q[0.16,999)",hgb_full_unconstrained,monotone_residual_table,bias_vs_log_amp_slope_ns,5202,-0.08143488831751022,-0.23642273046087564,0.10120148345459022,heldout_run
q_template_stratum,"q[0.16,999)",hgb_full_unconstrained,monotone_residual_table,calibration_coverage_abs_le2ns,5202,0.22126535682538234,0.20737208678280303,0.23881510666553407,heldout_run
q_template_stratum,"q[0.16,999)",hgb_full_unconstrained,robust_heavytail_table,sigma68_ns,5202,-0.29266475540626724,-0.31397212311110323,-0.2280427813276097,heldout_run
q_template_stratum,"q[0.16,999)",hgb_full_unconstrained,robust_heavytail_table,full_rms_ns,5202,-0.3883430874283109,-0.4641470199013307,-0.26631125683947576,heldout_run
q_template_stratum,"q[0.16,999)",hgb_full_unconstrained,robust_heavytail_table,tail_frac_abs_gt5ns,5202,-0.0017155656497324472,-0.004562189667658487,0.0013910273982106008,heldout_run
q_template_stratum,"q[0.16,999)",hgb_full_unconstrained,robust_heavytail_table,bias_vs_log_amp_slope_ns,5202,-0.20937088501276804,-0.3575297582620942,-0.0036534558278081813,heldout_run
q_template_stratum,"q[0.16,999)",hgb_full_unconstrained,robust_heavytail_table,calibration_coverage_abs_le2ns,5202,0.22134578962052726,0.2070042522363837,0.24028625505777015,heldout_run
saturation_boundary_stratum,clear,hgb_full_unconstrained,signed_shared_shrinkage,sigma68_ns,9315,-0.12292098190281775,-0.2690992887124066,-0.011324831861328186,heldout_run
saturation_boundary_stratum,clear,hgb_full_unconstrained,signed_shared_shrinkage,full_rms_ns,9315,-0.3080609364197844,-0.3700633369195924,-0.23164094270277102,heldout_run
saturation_boundary_stratum,clear,hgb_full_unconstrained,signed_shared_shrinkage,tail_frac_abs_gt5ns,9315,-0.005861729319759893,-0.012462017529784587,-0.002607075834576651,heldout_run
saturation_boundary_stratum,clear,hgb_full_unconstrained,signed_shared_shrinkage,bias_vs_log_amp_slope_ns,9315,-1.093682538330758,-1.4863011619172841,-0.7838286765358377,heldout_run
saturation_boundary_stratum,clear,hgb_full_unconstrained,signed_shared_shrinkage,calibration_coverage_abs_le2ns,9315,0.048310619264755716,0.036613181011633945,0.10889033456613957,heldout_run
saturation_boundary_stratum,clear,hgb_full_unconstrained,s03a_amp_only,sigma68_ns,9315,-0.16056439122321342,-0.22869188347656982,-0.12762990376128483,heldout_run
saturation_boundary_stratum,clear,hgb_full_unconstrained,s03a_amp_only,full_rms_ns,9315,-0.26851003320282785,-0.33084709397902146,-0.20884284037339582,heldout_run
saturation_boundary_stratum,clear,hgb_full_unconstrained,s03a_amp_only,tail_frac_abs_gt5ns,9315,-0.0030561671057158252,-0.007457748901787972,-0.0006470966710566295,heldout_run
saturation_boundary_stratum,clear,hgb_full_unconstrained,s03a_amp_only,bias_vs_log_amp_slope_ns,9315,-0.5567698162012528,-0.7973820069538887,-0.2729038479527873,heldout_run
saturation_boundary_stratum,clear,hgb_full_unconstrained,s03a_amp_only,calibration_coverage_abs_le2ns,9315,0.04581441824468596,0.025278846385794786,0.0744221224524329,heldout_run
saturation_boundary_stratum,clear,hgb_full_unconstrained,monotone_residual_table,sigma68_ns,9315,-0.18044158441217784,-0.31440062296314314,-0.04895635023600165,heldout_run
saturation_boundary_stratum,clear,hgb_full_unconstrained,monotone_residual_table,full_rms_ns,9315,-0.3211877635419782,-0.4016263505068262,-0.25781015566005827,heldout_run
saturation_boundary_stratum,clear,hgb_full_unconstrained,monotone_residual_table,tail_frac_abs_gt5ns,9315,-0.004397215097105169,-0.01075148330857497,-0.0010309089941266834,heldout_run
saturation_boundary_stratum,clear,hgb_full_unconstrained,monotone_residual_table,bias_vs_log_amp_slope_ns,9315,-0.19720978101544367,-0.4431972155270133,0.03550235968033924,heldout_run
saturation_boundary_stratum,clear,hgb_full_unconstrained,monotone_residual_table,calibration_coverage_abs_le2ns,9315,0.0633458789537713,0.049810076720690676,0.17895510966635744,heldout_run
saturation_boundary_stratum,clear,hgb_full_unconstrained,robust_heavytail_table,sigma68_ns,9315,-0.1676848283743373,-0.2757161393361302,-0.053159362517843534,heldout_run
saturation_boundary_stratum,clear,hgb_full_unconstrained,robust_heavytail_table,full_rms_ns,9315,-0.32484370233588367,-0.38927670636407735,-0.25631809551348134,heldout_run
saturation_boundary_stratum,clear,hgb_full_unconstrained,robust_heavytail_table,tail_frac_abs_gt5ns,9315,-0.004690038170214382,-0.01164422451665665,-0.00166823986158372,heldout_run
saturation_boundary_stratum,clear,hgb_full_unconstrained,robust_heavytail_table,bias_vs_log_amp_slope_ns,9315,-0.3339164599845963,-0.4984657226498829,-0.15275567154525246,heldout_run
saturation_boundary_stratum,clear,hgb_full_unconstrained,robust_heavytail_table,calibration_coverage_abs_le2ns,9315,0.061494341733723035,0.047542796564831895,0.182875601678959,heldout_run
saturation_boundary_stratum,near_or_clipped,hgb_full_unconstrained,signed_shared_shrinkage,sigma68_ns,2145,-0.20753686345718791,-0.32282769358344476,-0.056989284847736695,heldout_run
saturation_boundary_stratum,near_or_clipped,hgb_full_unconstrained,signed_shared_shrinkage,full_rms_ns,2145,-0.4072062667874887,-0.6262958024296036,-0.26602807694727637,heldout_run
saturation_boundary_stratum,near_or_clipped,hgb_full_unconstrained,signed_shared_shrinkage,tail_frac_abs_gt5ns,2145,-0.006070600283124002,-0.01514455208457633,-0.004201131863403669,heldout_run
saturation_boundary_stratum,near_or_clipped,hgb_full_unconstrained,signed_shared_shrinkage,bias_vs_log_amp_slope_ns,2145,-1.3100755163287552,-1.5813311772334966,-1.0756183103885568,heldout_run
saturation_boundary_stratum,near_or_clipped,hgb_full_unconstrained,signed_shared_shrinkage,calibration_coverage_abs_le2ns,2145,0.07361349876672396,0.045934774856550065,0.11941540931366632,heldout_run
saturation_boundary_stratum,near_or_clipped,hgb_full_unconstrained,s03a_amp_only,sigma68_ns,2145,-0.17309988528815967,-0.27212945543594685,-0.108012461606525,heldout_run
saturation_boundary_stratum,near_or_clipped,hgb_full_unconstrained,s03a_amp_only,full_rms_ns,2145,-0.3741856646061681,-0.6472781178563637,-0.18111735789816885,heldout_run
saturation_boundary_stratum,near_or_clipped,hgb_full_unconstrained,s03a_amp_only,tail_frac_abs_gt5ns,2145,-0.004718698768129423,-0.010575388730223493,-0.0015784387448806473,heldout_run
saturation_boundary_stratum,near_or_clipped,hgb_full_unconstrained,s03a_amp_only,bias_vs_log_amp_slope_ns,2145,-0.7760918569945607,-1.0892767447103315,-0.5174912691205206,heldout_run
saturation_boundary_stratum,near_or_clipped,hgb_full_unconstrained,s03a_amp_only,calibration_coverage_abs_le2ns,2145,0.04705600936946103,0.03390175585284279,0.061315578036265396,heldout_run
saturation_boundary_stratum,near_or_clipped,hgb_full_unconstrained,monotone_residual_table,sigma68_ns,2145,-0.23646426585909175,-0.3849480020555397,-0.12256511576381966,heldout_run
saturation_boundary_stratum,near_or_clipped,hgb_full_unconstrained,monotone_residual_table,full_rms_ns,2145,-0.3718440363476714,-0.631740409350936,-0.22485233556875345,heldout_run
saturation_boundary_stratum,near_or_clipped,hgb_full_unconstrained,monotone_residual_table,tail_frac_abs_gt5ns,2145,-0.006884909334538036,-0.012530328185004441,-0.000830833125892541,heldout_run
saturation_boundary_stratum,near_or_clipped,hgb_full_unconstrained,monotone_residual_table,bias_vs_log_amp_slope_ns,2145,-0.5389782127096281,-0.7990579138470479,-0.22898379108083597,heldout_run
saturation_boundary_stratum,near_or_clipped,hgb_full_unconstrained,monotone_residual_table,calibration_coverage_abs_le2ns,2145,0.10701666370466911,0.05428116175683426,0.1512909288229973,heldout_run
saturation_boundary_stratum,near_or_clipped,hgb_full_unconstrained,robust_heavytail_table,sigma68_ns,2145,-0.2461223206144929,-0.3986655813060601,-0.11825736379327446,heldout_run
saturation_boundary_stratum,near_or_clipped,hgb_full_unconstrained,robust_heavytail_table,full_rms_ns,2145,-0.3989929643741499,-0.6426812090370142,-0.19012248171878587,heldout_run
saturation_boundary_stratum,near_or_clipped,hgb_full_unconstrained,robust_heavytail_table,tail_frac_abs_gt5ns,2145,-0.008535405412565417,-0.01291852564793655,-0.002350050540489325,heldout_run
saturation_boundary_stratum,near_or_clipped,hgb_full_unconstrained,robust_heavytail_table,bias_vs_log_amp_slope_ns,2145,-0.6491888470752167,-0.9314948953533995,-0.45348193380191343,heldout_run
saturation_boundary_stratum,near_or_clipped,hgb_full_unconstrained,robust_heavytail_table,calibration_coverage_abs_le2ns,2145,0.10333560407370823,0.052092228864218604,0.16131438210653934,heldout_run
pretrigger_stratum,"pre_rms[0,20)",hgb_full_unconstrained,signed_shared_shrinkage,sigma68_ns,7607,-0.2667383187942658,-0.3762591028595715,-0.1312501567154875,heldout_run
pretrigger_stratum,"pre_rms[0,20)",hgb_full_unconstrained,signed_shared_shrinkage,full_rms_ns,7607,-0.3457932948535616,-0.38983338590233513,-0.2994147316349311,heldout_run
pretrigger_stratum,"pre_rms[0,20)",hgb_full_unconstrained,signed_shared_shrinkage,tail_frac_abs_gt5ns,7607,-0.009023084400187897,-0.01663150178328426,-0.004309718865936583,heldout_run
pretrigger_stratum,"pre_rms[0,20)",hgb_full_unconstrained,signed_shared_shrinkage,bias_vs_log_amp_slope_ns,7607,-1.4906785116523213,-1.8559289756880986,-1.0637367130848763,heldout_run
pretrigger_stratum,"pre_rms[0,20)",hgb_full_unconstrained,signed_shared_shrinkage,calibration_coverage_abs_le2ns,7607,0.0668321088496574,0.05459093441398605,0.09227038654323341,heldout_run
pretrigger_stratum,"pre_rms[0,20)",hgb_full_unconstrained,s03a_amp_only,sigma68_ns,7607,-0.19192704612076783,-0.27211762414829677,-0.10502507113158568,heldout_run
pretrigger_stratum,"pre_rms[0,20)",hgb_full_unconstrained,s03a_amp_only,full_rms_ns,7607,-0.2821402562285552,-0.3281416924783018,-0.23650733380676625,heldout_run
pretrigger_stratum,"pre_rms[0,20)",hgb_full_unconstrained,s03a_amp_only,tail_frac_abs_gt5ns,7607,-0.004995962413742475,-0.011182792254345647,-0.0016407386143772352,heldout_run
pretrigger_stratum,"pre_rms[0,20)",hgb_full_unconstrained,s03a_amp_only,bias_vs_log_amp_slope_ns,7607,-1.0123151704005504,-1.3330924472005121,-0.5546913837611427,heldout_run
pretrigger_stratum,"pre_rms[0,20)",hgb_full_unconstrained,s03a_amp_only,calibration_coverage_abs_le2ns,7607,0.05267662586758548,0.042635604618773526,0.07347213011723598,heldout_run
pretrigger_stratum,"pre_rms[0,20)",hgb_full_unconstrained,monotone_residual_table,sigma68_ns,7607,-0.3127758186983709,-0.40009231587398525,-0.17750114137671963,heldout_run
pretrigger_stratum,"pre_rms[0,20)",hgb_full_unconstrained,monotone_residual_table,full_rms_ns,7607,-0.3443339379950999,-0.39691642218601414,-0.2857723811769859,heldout_run
pretrigger_stratum,"pre_rms[0,20)",hgb_full_unconstrained,monotone_residual_table,tail_frac_abs_gt5ns,7607,-0.007445296681190194,-0.011268737650769285,-0.0014954368105326592,heldout_run
pretrigger_stratum,"pre_rms[0,20)",hgb_full_unconstrained,monotone_residual_table,bias_vs_log_amp_slope_ns,7607,-0.4662716362418021,-0.8541304300778858,-0.1531931223862578,heldout_run
pretrigger_stratum,"pre_rms[0,20)",hgb_full_unconstrained,monotone_residual_table,calibration_coverage_abs_le2ns,7607,0.07927590511860172,0.06181829925444753,0.12205391785337884,heldout_run
pretrigger_stratum,"pre_rms[0,20)",hgb_full_unconstrained,robust_heavytail_table,sigma68_ns,7607,-0.31721242743875344,-0.44550081269679886,-0.17065216234262223,heldout_run
pretrigger_stratum,"pre_rms[0,20)",hgb_full_unconstrained,robust_heavytail_table,full_rms_ns,7607,-0.35511025380984607,-0.40593217981568924,-0.2956926189000605,heldout_run
pretrigger_stratum,"pre_rms[0,20)",hgb_full_unconstrained,robust_heavytail_table,tail_frac_abs_gt5ns,7607,-0.007816115570591897,-0.016588933902351596,-0.002373871388002725,heldout_run
pretrigger_stratum,"pre_rms[0,20)",hgb_full_unconstrained,robust_heavytail_table,bias_vs_log_amp_slope_ns,7607,-0.646300667760792,-0.93133081071994,-0.32831615083970284,heldout_run
pretrigger_stratum,"pre_rms[0,20)",hgb_full_unconstrained,robust_heavytail_table,calibration_coverage_abs_le2ns,7607,0.08142890444241901,0.06290815951576317,0.13069550143998737,heldout_run
pretrigger_stratum,"pre_rms[20,60)",hgb_full_unconstrained,signed_shared_shrinkage,sigma68_ns,721,-0.16637101022295286,-0.23952318322027993,-0.0538787639627414,heldout_run
pretrigger_stratum,"pre_rms[20,60)",hgb_full_unconstrained,signed_shared_shrinkage,full_rms_ns,721,-0.4547660123716576,-0.8391204711658601,-0.2041226527575545,heldout_run
pretrigger_stratum,"pre_rms[20,60)",hgb_full_unconstrained,signed_shared_shrinkage,tail_frac_abs_gt5ns,721,-0.009472916394253818,-0.014610389610389608,-0.0030086881432398287,heldout_run
pretrigger_stratum,"pre_rms[20,60)",hgb_full_unconstrained,signed_shared_shrinkage,bias_vs_log_amp_slope_ns,721,-1.3808066559081071,-1.82754761955838,-0.7536359708867646,heldout_run
pretrigger_stratum,"pre_rms[20,60)",hgb_full_unconstrained,signed_shared_shrinkage,calibration_coverage_abs_le2ns,721,0.036923645614759915,0.004004972107688506,0.05816878258097045,heldout_run
pretrigger_stratum,"pre_rms[20,60)",hgb_full_unconstrained,s03a_amp_only,sigma68_ns,721,-0.15601868028627275,-0.23439713556786798,-0.08945932892180655,heldout_run
pretrigger_stratum,"pre_rms[20,60)",hgb_full_unconstrained,s03a_amp_only,full_rms_ns,721,-0.4197308276314081,-0.7868685814440096,-0.13236300919777658,heldout_run
pretrigger_stratum,"pre_rms[20,60)",hgb_full_unconstrained,s03a_amp_only,tail_frac_abs_gt5ns,721,-0.0017856687735752878,-0.011436196009583208,0.0,heldout_run
pretrigger_stratum,"pre_rms[20,60)",hgb_full_unconstrained,s03a_amp_only,bias_vs_log_amp_slope_ns,721,-0.994730281130736,-1.3124874506420134,-0.38249003890522437,heldout_run
pretrigger_stratum,"pre_rms[20,60)",hgb_full_unconstrained,s03a_amp_only,calibration_coverage_abs_le2ns,721,0.029691667796916676,0.013465456509198856,0.05009452403266829,heldout_run
pretrigger_stratum,"pre_rms[20,60)",hgb_full_unconstrained,monotone_residual_table,sigma68_ns,721,-0.21634624656963308,-0.3265298041281009,-0.1466276718650901,heldout_run
pretrigger_stratum,"pre_rms[20,60)",hgb_full_unconstrained,monotone_residual_table,full_rms_ns,721,-0.4705861577765933,-0.8304469619122093,-0.2096133769520608,heldout_run
pretrigger_stratum,"pre_rms[20,60)",hgb_full_unconstrained,monotone_residual_table,tail_frac_abs_gt5ns,721,-0.002534919398237765,-0.0068297661076787315,0.0,heldout_run
pretrigger_stratum,"pre_rms[20,60)",hgb_full_unconstrained,monotone_residual_table,bias_vs_log_amp_slope_ns,721,-0.2815571587608747,-0.7502686939452793,0.36255064323172137,heldout_run
pretrigger_stratum,"pre_rms[20,60)",hgb_full_unconstrained,monotone_residual_table,calibration_coverage_abs_le2ns,721,0.04385119706256546,0.014810007080481502,0.16321545882987665,heldout_run
pretrigger_stratum,"pre_rms[20,60)",hgb_full_unconstrained,robust_heavytail_table,sigma68_ns,721,-0.2215185399006656,-0.2832752823734733,-0.09971556982248904,heldout_run
pretrigger_stratum,"pre_rms[20,60)",hgb_full_unconstrained,robust_heavytail_table,full_rms_ns,721,-0.47913922208776993,-0.8453982008133889,-0.19754355439235116,heldout_run
pretrigger_stratum,"pre_rms[20,60)",hgb_full_unconstrained,robust_heavytail_table,tail_frac_abs_gt5ns,721,-0.002809437658696729,-0.009084170253467241,0.0,heldout_run
pretrigger_stratum,"pre_rms[20,60)",hgb_full_unconstrained,robust_heavytail_table,bias_vs_log_amp_slope_ns,721,-0.46095131117654875,-0.877407081637025,0.058577474858150506,heldout_run
pretrigger_stratum,"pre_rms[20,60)",hgb_full_unconstrained,robust_heavytail_table,calibration_coverage_abs_le2ns,721,0.03751818512456817,0.008078115198701196,0.06839829651357819,heldout_run
pretrigger_stratum,"pre_rms[60,99999)",hgb_full_unconstrained,signed_shared_shrinkage,sigma68_ns,3132,-0.20964187882362495,-0.2614657554946021,-0.16033495876918621,heldout_run
pretrigger_stratum,"pre_rms[60,99999)",hgb_full_unconstrained,signed_shared_shrinkage,full_rms_ns,3132,-0.2847568339899884,-0.41124071282140084,-0.04790781782831344,heldout_run
pretrigger_stratum,"pre_rms[60,99999)",hgb_full_unconstrained,signed_shared_shrinkage,tail_frac_abs_gt5ns,3132,0.0015245352642615593,0.00034949490111230717,0.0032595052849358403,heldout_run
pretrigger_stratum,"pre_rms[60,99999)",hgb_full_unconstrained,signed_shared_shrinkage,bias_vs_log_amp_slope_ns,3132,-0.5578294547271592,-0.7772031744522716,-0.3402855105324111,heldout_run
pretrigger_stratum,"pre_rms[60,99999)",hgb_full_unconstrained,signed_shared_shrinkage,calibration_coverage_abs_le2ns,3132,0.2136378205128205,0.10449373991224141,0.252268351116928,heldout_run
pretrigger_stratum,"pre_rms[60,99999)",hgb_full_unconstrained,s03a_amp_only,sigma68_ns,3132,-0.1984499924807539,-0.24289468141915435,-0.1619951090185828,heldout_run
pretrigger_stratum,"pre_rms[60,99999)",hgb_full_unconstrained,s03a_amp_only,full_rms_ns,3132,-0.29457790641154635,-0.42829143568176875,-0.07315337410816043,heldout_run
pretrigger_stratum,"pre_rms[60,99999)",hgb_full_unconstrained,s03a_amp_only,tail_frac_abs_gt5ns,3132,0.00166141307748078,0.00038140691475680897,0.004400694574807582,heldout_run
pretrigger_stratum,"pre_rms[60,99999)",hgb_full_unconstrained,s03a_amp_only,bias_vs_log_amp_slope_ns,3132,0.028237511353577854,-0.11242458106162101,0.21526074964209055,heldout_run
pretrigger_stratum,"pre_rms[60,99999)",hgb_full_unconstrained,s03a_amp_only,calibration_coverage_abs_le2ns,3132,0.10515706038535688,0.07727431388141877,0.15120158432778064,heldout_run
pretrigger_stratum,"pre_rms[60,99999)",hgb_full_unconstrained,monotone_residual_table,sigma68_ns,3132,-0.3675591888536278,-0.3961531002882227,-0.2507826541212362,heldout_run
pretrigger_stratum,"pre_rms[60,99999)",hgb_full_unconstrained,monotone_residual_table,full_rms_ns,3132,-0.32829589457430264,-0.4741456813454143,-0.08455289816198061,heldout_run
pretrigger_stratum,"pre_rms[60,99999)",hgb_full_unconstrained,monotone_residual_table,tail_frac_abs_gt5ns,3132,0.0014161615894220363,0.0,0.004738364717088649,heldout_run
pretrigger_stratum,"pre_rms[60,99999)",hgb_full_unconstrained,monotone_residual_table,bias_vs_log_amp_slope_ns,3132,0.10526796110598069,-0.07206538578238764,0.25706383586462717,heldout_run
pretrigger_stratum,"pre_rms[60,99999)",hgb_full_unconstrained,monotone_residual_table,calibration_coverage_abs_le2ns,3132,0.2429472048164903,0.22750074020678754,0.2603355550686919,heldout_run
pretrigger_stratum,"pre_rms[60,99999)",hgb_full_unconstrained,robust_heavytail_table,sigma68_ns,3132,-0.35069305646277665,-0.3962148594134688,-0.288747385421279,heldout_run
pretrigger_stratum,"pre_rms[60,99999)",hgb_full_unconstrained,robust_heavytail_table,full_rms_ns,3132,-0.32849011006524687,-0.4717791872067022,-0.10721290911954158,heldout_run
pretrigger_stratum,"pre_rms[60,99999)",hgb_full_unconstrained,robust_heavytail_table,tail_frac_abs_gt5ns,3132,0.0016028790741087588,0.00040056845211249676,0.005037351907035252,heldout_run
pretrigger_stratum,"pre_rms[60,99999)",hgb_full_unconstrained,robust_heavytail_table,bias_vs_log_amp_slope_ns,3132,0.020630331279235414,-0.10236969277842735,0.12764114803405524,heldout_run
pretrigger_stratum,"pre_rms[60,99999)",hgb_full_unconstrained,robust_heavytail_table,calibration_coverage_abs_le2ns,3132,0.24294985337744168,0.22419464057317923,0.2588212103558994,heldout_run
anomaly_stratum,broad_width,hgb_full_unconstrained,signed_shared_shrinkage,sigma68_ns,252,-0.7201466154256033,-0.8459842644595419,-0.41659758521192447,heldout_run
anomaly_stratum,broad_width,hgb_full_unconstrained,signed_shared_shrinkage,full_rms_ns,252,-0.4549792649634552,-0.7398181181964216,-0.08995636969552612,heldout_run
anomaly_stratum,broad_width,hgb_full_unconstrained,signed_shared_shrinkage,tail_frac_abs_gt5ns,252,0.008595230477690546,-0.018548976608187134,0.02462111801242236,heldout_run
anomaly_stratum,broad_width,hgb_full_unconstrained,signed_shared_shrinkage,bias_vs_log_amp_slope_ns,252,-2.485598528697682,-3.674827329473044,-0.09978470397312966,heldout_run
anomaly_stratum,broad_width,hgb_full_unconstrained,signed_shared_shrinkage,calibration_coverage_abs_le2ns,252,0.20512820512820518,0.17769379844961233,0.26450591592841427,heldout_run
anomaly_stratum,broad_width,hgb_full_unconstrained,s03a_amp_only,sigma68_ns,252,-0.6393735059040302,-0.7170360294408014,-0.3408234918965702,heldout_run
anomaly_stratum,broad_width,hgb_full_unconstrained,s03a_amp_only,full_rms_ns,252,-0.4724593674861204,-0.8204515054091268,0.19836829915299475,heldout_run
anomaly_stratum,broad_width,hgb_full_unconstrained,s03a_amp_only,tail_frac_abs_gt5ns,252,0.003732174688057043,-0.007662835249042148,0.016759776536312845,heldout_run
anomaly_stratum,broad_width,hgb_full_unconstrained,s03a_amp_only,bias_vs_log_amp_slope_ns,252,-2.9183651189431554,-3.6246648248296016,-1.1566754778880408,heldout_run
anomaly_stratum,broad_width,hgb_full_unconstrained,s03a_amp_only,calibration_coverage_abs_le2ns,252,0.18374558303886923,0.14825158611386294,0.21665264329726083,heldout_run
anomaly_stratum,broad_width,hgb_full_unconstrained,monotone_residual_table,sigma68_ns,252,-0.6647768274959238,-0.8477863013504584,-0.33929865625617417,heldout_run
anomaly_stratum,broad_width,hgb_full_unconstrained,monotone_residual_table,full_rms_ns,252,-0.508082016921765,-0.9289613051382417,0.10448508694767938,heldout_run
anomaly_stratum,broad_width,hgb_full_unconstrained,monotone_residual_table,tail_frac_abs_gt5ns,252,0.0,-0.020310652944857805,0.014741461100569252,heldout_run
anomaly_stratum,broad_width,hgb_full_unconstrained,monotone_residual_table,bias_vs_log_amp_slope_ns,252,-1.4986843962758232,-2.819237933712166,1.1259961247678831,heldout_run
anomaly_stratum,broad_width,hgb_full_unconstrained,monotone_residual_table,calibration_coverage_abs_le2ns,252,0.17820699708454807,0.12855645161290322,0.19943641618497102,heldout_run
anomaly_stratum,broad_width,hgb_full_unconstrained,robust_heavytail_table,sigma68_ns,252,-0.627415819485132,-0.7679095282677763,-0.40037137553092517,heldout_run
anomaly_stratum,broad_width,hgb_full_unconstrained,robust_heavytail_table,full_rms_ns,252,-0.5046957794637412,-0.8721762530893986,0.015291286751942862,heldout_run
anomaly_stratum,broad_width,hgb_full_unconstrained,robust_heavytail_table,tail_frac_abs_gt5ns,252,0.0,-0.016058377896613185,0.016137634408602105,heldout_run
anomaly_stratum,broad_width,hgb_full_unconstrained,robust_heavytail_table,bias_vs_log_amp_slope_ns,252,-1.4776655004139363,-2.4898237705066153,0.7098702366801902,heldout_run
anomaly_stratum,broad_width,hgb_full_unconstrained,robust_heavytail_table,calibration_coverage_abs_le2ns,252,0.16846433352457446,0.14323797321562173,0.19459547225830393,heldout_run
anomaly_stratum,common,hgb_full_unconstrained,signed_shared_shrinkage,sigma68_ns,4016,-0.15891689779079354,-0.22141533723910378,-0.048676503319041546,heldout_run
anomaly_stratum,common,hgb_full_unconstrained,signed_shared_shrinkage,full_rms_ns,4016,-0.19470449315052651,-0.2194293285588643,-0.16176216781980648,heldout_run
anomaly_stratum,common,hgb_full_unconstrained,signed_shared_shrinkage,tail_frac_abs_gt5ns,4016,-0.004972085976049516,-0.0070440132170666945,-0.0025892145820169796,heldout_run
anomaly_stratum,common,hgb_full_unconstrained,signed_shared_shrinkage,bias_vs_log_amp_slope_ns,4016,-0.7072044952072543,-0.9888272000351994,-0.5429821036999893,heldout_run
anomaly_stratum,common,hgb_full_unconstrained,signed_shared_shrinkage,calibration_coverage_abs_le2ns,4016,0.047230094035083214,0.027412639196329386,0.0870069851391652,heldout_run
anomaly_stratum,common,hgb_full_unconstrained,s03a_amp_only,sigma68_ns,4016,-0.16712702402322177,-0.2258964157936949,-0.1308719584055966,heldout_run
anomaly_stratum,common,hgb_full_unconstrained,s03a_amp_only,full_rms_ns,4016,-0.1416065934944981,-0.15648858258293513,-0.11776445951067903,heldout_run
anomaly_stratum,common,hgb_full_unconstrained,s03a_amp_only,tail_frac_abs_gt5ns,4016,-0.002707099724453304,-0.004453823994435271,-0.001036250013805973,heldout_run
anomaly_stratum,common,hgb_full_unconstrained,s03a_amp_only,bias_vs_log_amp_slope_ns,4016,-0.22978519999894687,-0.48136710484239104,-0.04642876686581214,heldout_run
anomaly_stratum,common,hgb_full_unconstrained,s03a_amp_only,calibration_coverage_abs_le2ns,4016,0.03809760956175301,0.027851722193969107,0.05189766665602432,heldout_run
anomaly_stratum,common,hgb_full_unconstrained,monotone_residual_table,sigma68_ns,4016,-0.1945339123997606,-0.3455217908074018,-0.09364843084767051,heldout_run
anomaly_stratum,common,hgb_full_unconstrained,monotone_residual_table,full_rms_ns,4016,-0.23443964360476677,-0.279701865040909,-0.19752489081402716,heldout_run
anomaly_stratum,common,hgb_full_unconstrained,monotone_residual_table,tail_frac_abs_gt5ns,4016,-0.003043556120920955,-0.006875815931713988,-0.0009091333974520477,heldout_run
anomaly_stratum,common,hgb_full_unconstrained,monotone_residual_table,bias_vs_log_amp_slope_ns,4016,0.2610285566259112,0.08656832893371777,0.5335381395811237,heldout_run
anomaly_stratum,common,hgb_full_unconstrained,monotone_residual_table,calibration_coverage_abs_le2ns,4016,0.06359141045976624,0.05241240881106321,0.18544049325750456,heldout_run
anomaly_stratum,common,hgb_full_unconstrained,robust_heavytail_table,sigma68_ns,4016,-0.17992758172689982,-0.24751431703702062,-0.0914969810416863,heldout_run
anomaly_stratum,common,hgb_full_unconstrained,robust_heavytail_table,full_rms_ns,4016,-0.23522174974452226,-0.26947210115016385,-0.18368066852263465,heldout_run
anomaly_stratum,common,hgb_full_unconstrained,robust_heavytail_table,tail_frac_abs_gt5ns,4016,-0.003464816372449588,-0.006527863512785825,-0.0011462397199821653,heldout_run
anomaly_stratum,common,hgb_full_unconstrained,robust_heavytail_table,bias_vs_log_amp_slope_ns,4016,0.1395989161436897,0.02547529829759538,0.2931278756805106,heldout_run
anomaly_stratum,common,hgb_full_unconstrained,robust_heavytail_table,calibration_coverage_abs_le2ns,4016,0.06134382401044025,0.04200759254037939,0.18594949446917022,heldout_run
anomaly_stratum,delayed_peak,hgb_full_unconstrained,signed_shared_shrinkage,sigma68_ns,4549,-0.24058381503357895,-0.3687337396352469,-0.02438680070358611,heldout_run
anomaly_stratum,delayed_peak,hgb_full_unconstrained,signed_shared_shrinkage,full_rms_ns,4549,-0.4910308129306855,-0.528922130340379,-0.4541453924314561,heldout_run
anomaly_stratum,delayed_peak,hgb_full_unconstrained,signed_shared_shrinkage,tail_frac_abs_gt5ns,4549,-0.006796061118676361,-0.019119696436506354,0.00046443224644218516,heldout_run
anomaly_stratum,delayed_peak,hgb_full_unconstrained,signed_shared_shrinkage,bias_vs_log_amp_slope_ns,4549,-1.632506696564283,-2.1154375434693975,-1.178242607136039,heldout_run
anomaly_stratum,delayed_peak,hgb_full_unconstrained,signed_shared_shrinkage,calibration_coverage_abs_le2ns,4549,0.06563390343447728,0.04998695400077314,0.08951399557282322,heldout_run
anomaly_stratum,delayed_peak,hgb_full_unconstrained,s03a_amp_only,sigma68_ns,4549,-0.1904328048395667,-0.29605007913908143,-0.00854949662433308,heldout_run
anomaly_stratum,delayed_peak,hgb_full_unconstrained,s03a_amp_only,full_rms_ns,4549,-0.46648538461358124,-0.5090008730949667,-0.42135436200504317,heldout_run
anomaly_stratum,delayed_peak,hgb_full_unconstrained,s03a_amp_only,tail_frac_abs_gt5ns,4549,-0.004540042581464938,-0.015061424547572252,0.001227041510495661,heldout_run
anomaly_stratum,delayed_peak,hgb_full_unconstrained,s03a_amp_only,bias_vs_log_amp_slope_ns,4549,-1.2553087627887403,-1.636312315735494,-0.79861103617261,heldout_run
anomaly_stratum,delayed_peak,hgb_full_unconstrained,s03a_amp_only,calibration_coverage_abs_le2ns,4549,0.051633647442701325,0.03380483754065576,0.07363127130067157,heldout_run
anomaly_stratum,delayed_peak,hgb_full_unconstrained,monotone_residual_table,sigma68_ns,4549,-0.25707755479876304,-0.4427048037129072,-0.10906650795054439,heldout_run
anomaly_stratum,delayed_peak,hgb_full_unconstrained,monotone_residual_table,full_rms_ns,4549,-0.5095403492032402,-0.5570040462840594,-0.4567320875084714,heldout_run
anomaly_stratum,delayed_peak,hgb_full_unconstrained,monotone_residual_table,tail_frac_abs_gt5ns,4549,-0.007454403400396048,-0.019394099859603543,1.092179991262193e-05,heldout_run
anomaly_stratum,delayed_peak,hgb_full_unconstrained,monotone_residual_table,bias_vs_log_amp_slope_ns,4549,-0.8673244607787984,-1.3253471670710608,-0.3358427228261932,heldout_run
anomaly_stratum,delayed_peak,hgb_full_unconstrained,monotone_residual_table,calibration_coverage_abs_le2ns,4549,0.07820829934088702,0.06061233642037368,0.15281507849325796,heldout_run
anomaly_stratum,delayed_peak,hgb_full_unconstrained,robust_heavytail_table,sigma68_ns,4549,-0.2647651609628847,-0.4181219075531816,-0.11283825097810428,heldout_run
anomaly_stratum,delayed_peak,hgb_full_unconstrained,robust_heavytail_table,full_rms_ns,4549,-0.5098629218356809,-0.5596588527338766,-0.45560953494727385,heldout_run
anomaly_stratum,delayed_peak,hgb_full_unconstrained,robust_heavytail_table,tail_frac_abs_gt5ns,4549,-0.007176961616227234,-0.02140336386460614,0.001234261819426764,heldout_run
anomaly_stratum,delayed_peak,hgb_full_unconstrained,robust_heavytail_table,bias_vs_log_amp_slope_ns,4549,-0.9555029119500784,-1.4889477682764438,-0.4753879869114911,heldout_run
anomaly_stratum,delayed_peak,hgb_full_unconstrained,robust_heavytail_table,calibration_coverage_abs_le2ns,4549,0.08036379278437478,0.05862013416364127,0.1522280193528382,heldout_run
anomaly_stratum,delayed_peak+saturation_boundary,hgb_full_unconstrained,signed_shared_shrinkage,sigma68_ns,233,-0.27093080509264855,-0.5313110810467454,0.00038309404427964105,heldout_run
anomaly_stratum,delayed_peak+saturation_boundary,hgb_full_unconstrained,signed_shared_shrinkage,full_rms_ns,233,-0.7643678863960819,-1.3334327867490545,-0.2968261476913212,heldout_run
anomaly_stratum,delayed_peak+saturation_boundary,hgb_full_unconstrained,signed_shared_shrinkage,tail_frac_abs_gt5ns,233,-0.025846163634050134,-0.05339664804469274,-0.0043205636595383175,heldout_run
anomaly_stratum,delayed_peak+saturation_boundary,hgb_full_unconstrained,signed_shared_shrinkage,bias_vs_log_amp_slope_ns,233,-2.902759311242442,-3.532917072078794,-2.1632570852059145,heldout_run
anomaly_stratum,delayed_peak+saturation_boundary,hgb_full_unconstrained,signed_shared_shrinkage,calibration_coverage_abs_le2ns,233,0.05747210804462716,0.019396732299958166,0.11330049261083752,heldout_run
anomaly_stratum,delayed_peak+saturation_boundary,hgb_full_unconstrained,s03a_amp_only,sigma68_ns,233,-0.20397481337266876,-0.37137712228797143,0.019507170996198094,heldout_run
anomaly_stratum,delayed_peak+saturation_boundary,hgb_full_unconstrained,s03a_amp_only,full_rms_ns,233,-0.7120236166382385,-1.2997748025561924,-0.2999816670254455,heldout_run
anomaly_stratum,delayed_peak+saturation_boundary,hgb_full_unconstrained,s03a_amp_only,tail_frac_abs_gt5ns,233,-0.02277579631983611,-0.04528431372549019,0.0,heldout_run
anomaly_stratum,delayed_peak+saturation_boundary,hgb_full_unconstrained,s03a_amp_only,bias_vs_log_amp_slope_ns,233,-2.520158453595439,-3.283208320455233,-1.4901419954796964,heldout_run
anomaly_stratum,delayed_peak+saturation_boundary,hgb_full_unconstrained,s03a_amp_only,calibration_coverage_abs_le2ns,233,0.04240282685512364,0.007485852538341689,0.07043640793010748,heldout_run
anomaly_stratum,delayed_peak+saturation_boundary,hgb_full_unconstrained,monotone_residual_table,sigma68_ns,233,-0.2557657538325542,-0.5232750918286904,-0.04733638134051527,heldout_run
anomaly_stratum,delayed_peak+saturation_boundary,hgb_full_unconstrained,monotone_residual_table,full_rms_ns,233,-0.814625472081763,-1.479760469486596,-0.343637106649045,heldout_run
anomaly_stratum,delayed_peak+saturation_boundary,hgb_full_unconstrained,monotone_residual_table,tail_frac_abs_gt5ns,233,-0.020220588235294115,-0.052704678362573094,0.0,heldout_run
anomaly_stratum,delayed_peak+saturation_boundary,hgb_full_unconstrained,monotone_residual_table,bias_vs_log_amp_slope_ns,233,-2.2095488554159948,-3.0231860476864147,-1.1801868173817662,heldout_run
anomaly_stratum,delayed_peak+saturation_boundary,hgb_full_unconstrained,monotone_residual_table,calibration_coverage_abs_le2ns,233,0.04139848421373349,0.0047752866086674325,0.10261044176706823,heldout_run
anomaly_stratum,delayed_peak+saturation_boundary,hgb_full_unconstrained,robust_heavytail_table,sigma68_ns,233,-0.2589265462886602,-0.45159428814112107,-0.047617667932357284,heldout_run
anomaly_stratum,delayed_peak+saturation_boundary,hgb_full_unconstrained,robust_heavytail_table,full_rms_ns,233,-0.7187086659978315,-1.2570902158605115,-0.3136550013526448,heldout_run
anomaly_stratum,delayed_peak+saturation_boundary,hgb_full_unconstrained,robust_heavytail_table,tail_frac_abs_gt5ns,233,-0.023529411764705882,-0.05676855895196506,0.0,heldout_run
anomaly_stratum,delayed_peak+saturation_boundary,hgb_full_unconstrained,robust_heavytail_table,bias_vs_log_amp_slope_ns,233,-2.3449932174139283,-3.1453837414054253,-1.2876337863970788,heldout_run
anomaly_stratum,delayed_peak+saturation_boundary,hgb_full_unconstrained,robust_heavytail_table,calibration_coverage_abs_le2ns,233,0.05096115699498682,0.017238916256157668,0.10443880786303114,heldout_run
anomaly_stratum,saturation_boundary,hgb_full_unconstrained,signed_shared_shrinkage,sigma68_ns,831,-0.16034121691094227,-0.25029524853570634,-0.05608745673463966,heldout_run
anomaly_stratum,saturation_boundary,hgb_full_unconstrained,signed_shared_shrinkage,full_rms_ns,831,-0.1943103088763518,-0.27525414665502473,-0.12476375904936457,heldout_run
anomaly_stratum,saturation_boundary,hgb_full_unconstrained,signed_shared_shrinkage,tail_frac_abs_gt5ns,831,-0.002235346684672586,-0.005897795328779427,0.0021419069866607334,heldout_run
anomaly_stratum,saturation_boundary,hgb_full_unconstrained,signed_shared_shrinkage,bias_vs_log_amp_slope_ns,831,-0.6895405116704916,-1.221788346699163,-0.26146462107132085,heldout_run
anomaly_stratum,saturation_boundary,hgb_full_unconstrained,signed_shared_shrinkage,calibration_coverage_abs_le2ns,831,0.056831922611850105,0.02395523051616055,0.09730630330868924,heldout_run
anomaly_stratum,saturation_boundary,hgb_full_unconstrained,s03a_amp_only,sigma68_ns,831,-0.14053955490873027,-0.21176101527736949,-0.06778732963553279,heldout_run
anomaly_stratum,saturation_boundary,hgb_full_unconstrained,s03a_amp_only,full_rms_ns,831,-0.12306550678797956,-0.17539426729341157,-0.0692823141012323,heldout_run
anomaly_stratum,saturation_boundary,hgb_full_unconstrained,s03a_amp_only,tail_frac_abs_gt5ns,831,0.0,-0.0016040755878624828,0.0031096496569642342,heldout_run
anomaly_stratum,saturation_boundary,hgb_full_unconstrained,s03a_amp_only,bias_vs_log_amp_slope_ns,831,-0.12167383961863504,-0.4066187502481303,0.160066548962709,heldout_run
anomaly_stratum,saturation_boundary,hgb_full_unconstrained,s03a_amp_only,calibration_coverage_abs_le2ns,831,0.03999790284245508,0.01860878128377814,0.056261129955480174,heldout_run
anomaly_stratum,saturation_boundary,hgb_full_unconstrained,monotone_residual_table,sigma68_ns,831,-0.1927609830117425,-0.2834006478515424,-0.0820809486642957,heldout_run
anomaly_stratum,saturation_boundary,hgb_full_unconstrained,monotone_residual_table,full_rms_ns,831,-0.20154421187729232,-0.24161003120099508,-0.15549691807887567,heldout_run
anomaly_stratum,saturation_boundary,hgb_full_unconstrained,monotone_residual_table,tail_frac_abs_gt5ns,831,0.0,-0.004216655422252208,0.00370533221663875,heldout_run
anomaly_stratum,saturation_boundary,hgb_full_unconstrained,monotone_residual_table,bias_vs_log_amp_slope_ns,831,0.2372305562155459,-0.1461049940897229,0.5730278409034684,heldout_run
anomaly_stratum,saturation_boundary,hgb_full_unconstrained,monotone_residual_table,calibration_coverage_abs_le2ns,831,0.06909404722558848,0.04892534222756151,0.15729231493966736,heldout_run
anomaly_stratum,saturation_boundary,hgb_full_unconstrained,robust_heavytail_table,sigma68_ns,831,-0.20215698388104908,-0.30910822235427404,-0.09522032946043238,heldout_run
anomaly_stratum,saturation_boundary,hgb_full_unconstrained,robust_heavytail_table,full_rms_ns,831,-0.21000760508793093,-0.25380310642417486,-0.16479997438577804,heldout_run
anomaly_stratum,saturation_boundary,hgb_full_unconstrained,robust_heavytail_table,tail_frac_abs_gt5ns,831,0.0,-0.0051889249888700485,0.0031613196913205573,heldout_run
anomaly_stratum,saturation_boundary,hgb_full_unconstrained,robust_heavytail_table,bias_vs_log_amp_slope_ns,831,0.1123450469869722,-0.14184713113038522,0.3266325228429735,heldout_run
anomaly_stratum,saturation_boundary,hgb_full_unconstrained,robust_heavytail_table,calibration_coverage_abs_le2ns,831,0.09505096458041784,0.05260444926749859,0.15728165037200179,heldout_run
anomaly_stratum,undershoot_area,hgb_full_unconstrained,signed_shared_shrinkage,sigma68_ns,1351,-0.19166692248516637,-0.25160720023016836,-0.15335967460773453,heldout_run
anomaly_stratum,undershoot_area,hgb_full_unconstrained,signed_shared_shrinkage,full_rms_ns,1351,-0.10456238910096882,-0.15343685696382434,-0.029722963277690324,heldout_run
anomaly_stratum,undershoot_area,hgb_full_unconstrained,signed_shared_shrinkage,tail_frac_abs_gt5ns,1351,-0.000663570736860639,-0.002196354512677292,0.0,heldout_run
anomaly_stratum,undershoot_area,hgb_full_unconstrained,signed_shared_shrinkage,bias_vs_log_amp_slope_ns,1351,0.0337231257004833,-0.20932385027616407,0.23065681061695942,heldout_run
anomaly_stratum,undershoot_area,hgb_full_unconstrained,signed_shared_shrinkage,calibration_coverage_abs_le2ns,1351,0.23388182246449962,0.1553033577127659,0.2608113668509708,heldout_run
anomaly_stratum,undershoot_area,hgb_full_unconstrained,s03a_amp_only,sigma68_ns,1351,-0.20902543403610818,-0.26768606809150214,-0.17090739766079768,heldout_run
anomaly_stratum,undershoot_area,hgb_full_unconstrained,s03a_amp_only,full_rms_ns,1351,-0.11915404733392365,-0.16744169340730275,-0.058063371397920324,heldout_run
anomaly_stratum,undershoot_area,hgb_full_unconstrained,s03a_amp_only,tail_frac_abs_gt5ns,1351,-0.0005918162666128778,-0.0021492096388819344,0.0,heldout_run
anomaly_stratum,undershoot_area,hgb_full_unconstrained,s03a_amp_only,bias_vs_log_amp_slope_ns,1351,0.6793412267587752,0.5423826887551637,0.8028133719200559,heldout_run
anomaly_stratum,undershoot_area,hgb_full_unconstrained,s03a_amp_only,calibration_coverage_abs_le2ns,1351,0.13927217418427495,0.11442975739263601,0.21146706791768322,heldout_run
anomaly_stratum,undershoot_area,hgb_full_unconstrained,monotone_residual_table,sigma68_ns,1351,-0.36687972903180643,-0.3998759267434062,-0.2698757598788114,heldout_run
anomaly_stratum,undershoot_area,hgb_full_unconstrained,monotone_residual_table,full_rms_ns,1351,-0.1842477827067297,-0.2271746482952962,-0.13340473177752527,heldout_run
anomaly_stratum,undershoot_area,hgb_full_unconstrained,monotone_residual_table,tail_frac_abs_gt5ns,1351,-0.0006663529495329757,-0.002008438612750598,0.0,heldout_run
anomaly_stratum,undershoot_area,hgb_full_unconstrained,monotone_residual_table,bias_vs_log_amp_slope_ns,1351,0.3703926001265371,0.1970259962994682,0.5797287595652261,heldout_run
anomaly_stratum,undershoot_area,hgb_full_unconstrained,monotone_residual_table,calibration_coverage_abs_le2ns,1351,0.2507267994625065,0.2386813193325116,0.2681497954914548,heldout_run
anomaly_stratum,undershoot_area,hgb_full_unconstrained,robust_heavytail_table,sigma68_ns,1351,-0.3651801681121628,-0.4031152575503185,-0.2613432157840024,heldout_run
anomaly_stratum,undershoot_area,hgb_full_unconstrained,robust_heavytail_table,full_rms_ns,1351,-0.1766064142973881,-0.2281102687753388,-0.12392066610582785,heldout_run
anomaly_stratum,undershoot_area,hgb_full_unconstrained,robust_heavytail_table,tail_frac_abs_gt5ns,1351,-0.0006759040988249913,-0.0022887615726549155,0.0,heldout_run
anomaly_stratum,undershoot_area,hgb_full_unconstrained,robust_heavytail_table,bias_vs_log_amp_slope_ns,1351,0.32680989455209253,0.14678907063360971,0.514129842500613,heldout_run
anomaly_stratum,undershoot_area,hgb_full_unconstrained,robust_heavytail_table,calibration_coverage_abs_le2ns,1351,0.25034071657266815,0.2369250069696125,0.26525112902814274,heldout_run
