study_id: P03e
title: waveform residual target run-shift audit

raw_root_dir: data/root/root
output_dir: reports/1781034869.1025.674d291b__p03e_run_shift_audit
ticket_id: "1781034869.1025.674d291b"
worker: testbeam-laptop-4

amplitude_cut_adc: 1000.0
baseline_samples: [0, 1, 2, 3]
samples_per_channel: 18
sample_period_ns: 10.0
tof_per_cm_ns: 0.078
spacing_cm_values: [2.0, 4.0]

staves:
  B2: 0
  B4: 2
  B6: 4
  B8: 6

run_groups:
  sample_i_calib: [31, 32, 33, 34, 35, 36, 37, 39, 40, 41, 42]
  sample_i_analysis: [44, 45, 46, 47, 48, 49, 50, 51, 52, 53, 54, 55, 56, 57]
  sample_ii_calib: [64]
  sample_ii_analysis: [58, 59, 60, 61, 62, 63, 65]

expected_counts:
  total_selected_pulses: 640737
  sample_ii_analysis:
    selected_pulses: 125096
    B2: 88213
    B4: 21229
    B6: 11148
    B8: 4506

timing:
  downstream_staves: [B4, B6, B8]
  train_runs: [58, 59, 60, 61, 62, 63]
  heldout_runs: [65]
  loo_runs: [58, 59, 60, 61, 62, 63, 65]
  leading_edge_threshold_adc: 500.0
  cfd_fractions: [0.10, 0.20, 0.30, 0.40, 0.50]
  of_windows:
    - [1, 9]
    - [2, 10]
    - [3, 11]
    - [4, 12]
  template_shift_grid:
    min: -1.5
    max: 1.5
    step: 0.05
  base_method: template_phase

analytic:
  random_seed: 20260610
  bootstrap_samples: 400
  ridge_alphas: [0.01, 0.1, 1.0, 10.0, 100.0]
  cv_folds: 3
  candidate_models: [amp_only]

hierarchical:
  random_seed: 20260610
  bootstrap_samples: 400
  cv_folds: 3
  global_alphas: [0.1, 1.0, 10.0, 100.0]
  deviation_alphas: [10.0, 100.0, 1000.0, 10000.0]
  oracle_deviation_alpha: 100.0

models:
  random_seed: 20260610
  bootstrap_samples: 400
  cv_folds: 3
  ridge_alphas: [0.01, 0.1, 1.0, 10.0, 100.0]
  hgb:
    max_iter: [60, 100]
    learning_rate: [0.04, 0.08]
    max_leaf_nodes: [7, 15]
    l2_regularization: [0.0, 0.1]
    max_bins: 64
  torch:
    epochs: 80
    batch_size: 512
    learning_rate: 0.001
    weight_decay: 0.0001
    hidden: 48

reference_numbers:
  s03a_template_phase_sigma68_ns: 2.889152765080617
  s03a_analytic_amp_only_sigma68_ns: 1.494640076269676
  s03d_hierarchical_run61_sigma68_ns: 1.6353650364374642
