study_id: P10e
title: run-family drift audit for explicit q-template handles

raw_root_dir: data/root/root
output_dir: reports/1781025380.1773.0fb745c7
ticket_id: "1781025380.1773.0fb745c7"
worker: testbeam-laptop-2

random_seed: 20260609
amplitude_cut_adc: 1000.0
baseline_samples: [0, 1, 2, 3]
samples_per_channel: 18
cfd_fraction: 0.2
aligned_relative_grid: [-3, -2, -1, 0, 1, 2, 3, 4, 5, 6, 7, 8, 9, 10, 11, 12, 13, 14]

staves:
  B2: 0
  B4: 2
  B6: 4
  B8: 6

run_groups:
  sample_i_calib: [31, 32, 33, 34, 35, 36, 37, 39, 40, 41, 42]
  sample_i_analysis: [44, 45, 46, 47, 48, 49, 50, 51, 52, 53, 54, 55, 56, 57]
  sample_ii_calib: [64]
  sample_ii_analysis: [58, 59, 60, 61, 62, 63, 65]

family_folds:
  - name: holdout_sample_i
    train_group: sample_ii_calib
    eval_group: sample_i_analysis
  - name: holdout_sample_ii
    train_group: sample_i_calib
    eval_group: sample_ii_analysis

expected_selected_pulses: 640737
expected_analysis_rows: 377362
template_amplitude_edges_adc: [1000, 1500, 2200, 3200, 4700, 6800, 10000, 15000, 25000]
template_min_bin_pulses: 30

handle_bins:
  rise_quantiles: [0.3333333333, 0.6666666667]
  tail_quantiles: [0.3333333333, 0.6666666667]
  min_cell_pulses: 50

ridge:
  train_max_pulses: 160000
  cv_max_pulses: 50000
  alphas: [10.0, 30.0, 100.0, 300.0, 1000.0, 3000.0, 10000.0]
  default_alpha_single_run: 1000.0

extra_trees:
  train_max_pulses: 90000
  n_estimators: 80
  max_depth: 18
  min_samples_leaf: 8
  max_features: 0.8
  n_jobs: 4

bootstrap_iterations: 2500
