study_id: S01f
title: fold-local q_template templates for leakage audit

raw_root_dir: /home/billy/ccb-data/extracted/root/root
output_dir: reports/1781012803.2987.06ed3d69
ticket_id: "1781012803.2987.06ed3d69"
worker: testbeam-laptop-1

amplitude_cut_adc: 1000.0
baseline_samples: [0, 1, 2, 3]
samples_per_channel: 18
sample_period_ns: 10.0
tof_per_cm_ns: 0.078
spacing_cm_values: [2.0, 4.0]

staves:
  B2: 0
  B4: 2
  B6: 4
  B8: 6

run_groups:
  sample_i_calib: [31, 32, 33, 34, 35, 36, 37, 39, 40, 41, 42]
  sample_i_analysis: [44, 45, 46, 47, 48, 49, 50, 51, 52, 53, 54, 55, 56, 57]
  sample_ii_calib: [64]
  sample_ii_analysis: [58, 59, 60, 61, 62, 63, 65]

expected_counts:
  total_selected_pulses: 640737
  sample_ii_analysis:
    selected_pulses: 125096
    B2: 88213
    B4: 21229
    B6: 11148
    B8: 4506

timing:
  downstream_staves: [B4, B6, B8]
  train_runs: [58, 59, 60, 61, 62, 63]
  heldout_runs: [65]
  loo_runs: [58, 59, 60, 61, 62, 63, 65]
  leading_edge_threshold_adc: 500.0
  cfd_fractions: [0.10, 0.20, 0.30, 0.40, 0.50]
  of_windows:
    - [1, 9]
    - [2, 10]
    - [3, 11]
    - [4, 12]
  template_shift_grid:
    min: -1.5
    max: 1.5
    step: 0.05
  base_method: template_phase

analytic:
  random_seed: 20260609
  bootstrap_samples: 300
  ridge_alphas: [0.0, 0.01, 0.1, 1.0, 10.0, 100.0]
  cv_folds: 3
  candidate_models: [amp_only]

binned:
  random_seed: 20260609
  bootstrap_samples: 300
  cv_folds: 3
  n_bins: [4, 6, 8, 10, 12]
  modes: [monotonic]
  monotonic_directions: [decreasing]

hgb:
  random_seed: 20260609
  bootstrap_samples: 300
  cv_folds: 3
  max_iter: [60, 100]
  learning_rate: [0.05]
  max_leaf_nodes: [7, 15]
  l2_regularization: [0.0, 0.1]
  max_bins: 64

q_template:
  amplitude_edges_adc: [1000, 1500, 2200, 3200, 4700, 6800, 10000, 15000, 25000]
  min_bin_pulses: 30
  cfd_fraction: 0.2
  aligned_relative_grid: [-3, -2, -1, 0, 1, 2, 3, 4, 5, 6, 7, 8, 9, 10, 11, 12, 13, 14]
  include_staves: [B4, B6, B8]

q_veto:
  bootstrap_samples: 500
  min_train_keep_fraction: 0.90
  threshold_quantiles: [0.80, 0.85, 0.90, 0.925, 0.95, 0.975, 0.99]
  random_seed: 1781012803
  rf_n_estimators: 240
  rf_max_depth: 4
  rf_min_samples_leaf: 40

reference_numbers:
  s03a_template_phase_sigma68_ns: 2.889152765080617
  s03a_analytic_amp_only_sigma68_ns: 1.494640076269676
  s03b_monotone_binned_sigma68_ns: 1.5695763825403084
  s03d_global_q_no_veto_sigma68_ns: 1.644630792295476
  s03d_global_q_traditional_delta_ns: 0.0791676904665726
  s03d_global_q_ml_delta_ns: -0.06519670770506536
