study_id: S03e
title: blind Sample-I-analysis to Sample-II transfer for S03a/S03d population coefficients

raw_root_dir: data/root/root
output_dir: reports/1781020980.5750.33243f80
ticket_id: "1781020980.5750.33243f80"
worker: testbeam-laptop-2

amplitude_cut_adc: 1000.0
baseline_samples: [0, 1, 2, 3]
samples_per_channel: 18
sample_period_ns: 10.0
tof_per_cm_ns: 0.078
spacing_cm_values: [2.0, 4.0]

staves:
  B2: 0
  B4: 2
  B6: 4
  B8: 6

run_groups:
  sample_i_calib: [31, 32, 33, 34, 35, 36, 37, 39, 40, 41, 42]
  sample_i_analysis: [44, 45, 46, 47, 48, 49, 50, 51, 52, 53, 54, 55, 56, 57]
  sample_ii_calib: [64]
  sample_ii_analysis: [58, 59, 60, 61, 62, 63, 65]

expected_counts:
  total_selected_pulses: 640737
  sample_ii_analysis:
    selected_pulses: 125096
    B2: 88213
    B4: 21229
    B6: 11148
    B8: 4506

timing:
  downstream_staves: [B4, B6, B8]
  train_runs: [44, 45, 46, 47, 48, 49, 50, 51, 52, 53, 54, 55, 56, 57]
  heldout_runs: [58, 59, 60, 61, 62, 63, 65]
  leading_edge_threshold_adc: 500.0
  cfd_fractions: [0.10, 0.20, 0.30, 0.40, 0.50]
  of_windows:
    - [1, 9]
    - [2, 10]
    - [3, 11]
    - [4, 12]
  template_shift_grid:
    min: -1.5
    max: 1.5
    step: 0.05
  base_method: template_phase

analytic:
  random_seed: 20260610
  bootstrap_samples: 500
  ridge_alphas: [0.0, 0.01, 0.1, 1.0, 10.0, 100.0]
  cv_folds: 4
  candidate_models: [amp_only]

hierarchical:
  random_seed: 20260610
  bootstrap_samples: 500
  cv_folds: 4
  global_alphas: [0.01, 0.1, 1.0, 10.0, 100.0]
  deviation_alphas: [1.0, 10.0, 100.0, 1000.0, 10000.0]

hgb:
  random_seed: 20260610
  bootstrap_samples: 500
  cv_folds: 3
  max_iter: [60, 100]
  learning_rate: [0.05]
  max_leaf_nodes: [7, 15]
  l2_regularization: [0.0, 0.1]
  max_bins: 64

reference_numbers:
  s03e_sample_i_all_train_template_phase_sigma68_ns: 2.045936403263427
  s03e_sample_i_all_train_analytic_sigma68_ns: 1.4946698859752516
  s03d_sample_ii_loro_hierarchical_sigma68_ns: 1.2509977229930892
  s03d_sample_ii_loro_hgb_sigma68_ns: 1.3939661218709831
