study_id: P10c-followup
title: run-family calibration mixture diagnostic

raw_root_dir: data/root/root
output_dir: reports/1781024829.1287.06196aeb
ticket_id: "1781024829.1287.06196aeb"
worker: testbeam-laptop-4

amplitude_cut_adc: 1000.0
baseline_samples: [0, 1, 2, 3]
samples_per_channel: 18
sample_period_ns: 10.0
tof_per_cm_ns: 0.078
spacing_cm_values: [2.0, 4.0]

staves:
  B2: 0
  B4: 2
  B6: 4
  B8: 6

run_groups:
  sample_i_calib: [31, 32, 33, 34, 35, 36, 37, 39, 40, 41, 42]
  sample_i_analysis: [44, 45, 46, 47, 48, 49, 50, 51, 52, 53, 54, 55, 56, 57]
  sample_ii_calib: [64]
  sample_ii_analysis: [58, 59, 60, 61, 62, 63, 65]

expected_counts:
  total_selected_pulses: 640737
  sample_ii_analysis:
    selected_pulses: 125096
    B2: 88213
    B4: 21229
    B6: 11148
    B8: 4506

timing:
  downstream_staves: [B4, B6, B8]
  train_runs: [31, 32, 33, 34, 35, 36, 37, 39, 40, 41, 42, 44, 45, 46, 47, 48, 49, 50, 51, 52, 53, 54, 55, 56, 57, 64]
  heldout_runs: [58, 59, 60, 61, 62, 63, 65]
  leading_edge_threshold_adc: 500.0
  cfd_fractions: [0.10, 0.20, 0.30, 0.40, 0.50]
  of_windows:
    - [1, 9]
    - [2, 10]
    - [3, 11]
    - [4, 12]
  template_shift_grid:
    min: -1.5
    max: 1.5
    step: 0.05
  base_method: template_phase

calibration_scenarios:
  run64_only: [64]
  sample_i_plus_run64: [31, 32, 33, 34, 35, 36, 37, 39, 40, 41, 42, 44, 45, 46, 47, 48, 49, 50, 51, 52, 53, 54, 55, 56, 57, 64]

sample_i_runs: [31, 32, 33, 34, 35, 36, 37, 39, 40, 41, 42, 44, 45, 46, 47, 48, 49, 50, 51, 52, 53, 54, 55, 56, 57]
run64_runs: [64]
sample_ii_analysis_runs: [58, 59, 60, 61, 62, 63, 65]

fixed_models:
  analytic_candidate: amp_only
  analytic_alpha: 100.0
  binned_n_bins: 4
  binned_mode: monotonic
  binned_direction: decreasing
  ml_alpha: 100.0

bootstrap_samples: 400
random_seed: 20260610
amplitude_bin_edges_adc: [1000, 1500, 2200, 3200, 4700, 6800, 10000, 15000, 25000]
